-3.888888888888888951e-01 -3.888888888888888951e-01 1.555555555555555580e-01 -1.000000000000000000e+01 -5.555555555555555358e+00 -3.333333333333333037e+00
-3.888888888888888951e-01 -3.888888888888888951e-01 1.555555555555555580e-01 -5.555555555555555358e+00 -1.111111111111110716e+00 -1.000000000000000000e+01
-3.888888888888888951e-01 -3.888888888888888951e-01 1.555555555555555580e-01 -3.333333333333333037e+00 3.333333333333333925e+00 -5.555555555555555358e+00
-3.888888888888888951e-01 -3.888888888888888951e-01 1.555555555555555580e-01 -3.333333333333333037e+00 3.333333333333333925e+00 1.111111111111110716e+00
-3.888888888888888951e-01 -3.888888888888888951e-01 1.555555555555555580e-01 -3.333333333333333037e+00 3.333333333333333925e+00 7.777777777777778567e+00
-3.888888888888888951e-01 -3.888888888888888951e-01 1.555555555555555580e-01 1.111111111111110716e+00 1.000000000000000000e+01 3.333333333333333925e+00
-3.888888888888888951e-01 -3.888888888888888951e-01 1.555555555555555580e-01 1.111111111111110716e+00 1.000000000000000000e+01 1.000000000000000000e+01
-3.888888888888888951e-01 -3.888888888888888951e-01 2.111111111111111105e-01 -1.000000000000000000e+01 -5.555555555555555358e+00 -1.000000000000000000e+01
-3.888888888888888951e-01 -3.888888888888888951e-01 2.111111111111111105e-01 -3.333333333333333037e+00 7.777777777777778567e+00 -1.000000000000000000e+01
-3.888888888888888951e-01 -3.888888888888888951e-01 2.666666666666666630e-01 -1.000000000000000000e+01 -1.111111111111110716e+00 -5.555555555555555358e+00
-3.888888888888888951e-01 -3.888888888888888951e-01 2.666666666666666630e-01 -3.333333333333333037e+00 1.000000000000000000e+01 -3.333333333333333037e+00
-3.888888888888888951e-01 -3.888888888888888951e-01 3.222222222222221877e-01 -7.777777777777777679e+00 5.555555555555557135e+00 -1.000000000000000000e+01
-3.888888888888888951e-01 -3.888888888888888951e-01 3.222222222222221877e-01 -7.777777777777777679e+00 5.555555555555557135e+00 -3.333333333333333037e+00
-3.888888888888888951e-01 -3.888888888888888951e-01 3.222222222222221877e-01 -7.777777777777777679e+00 5.555555555555557135e+00 3.333333333333333925e+00
-3.888888888888888951e-01 -3.888888888888888951e-01 3.222222222222221877e-01 -7.777777777777777679e+00 5.555555555555557135e+00 1.000000000000000000e+01
-3.888888888888888951e-01 -3.888888888888888951e-01 4.333333333333333481e-01 -7.777777777777777679e+00 1.000000000000000000e+01 3.333333333333333925e+00
-3.888888888888888951e-01 -3.888888888888888951e-01 4.333333333333333481e-01 -7.777777777777777679e+00 1.000000000000000000e+01 1.000000000000000000e+01
-3.888888888888888951e-01 -3.888888888888888951e-01 4.888888888888888173e-01 -1.000000000000000000e+01 1.000000000000000000e+01 -1.000000000000000000e+01
-3.888888888888888951e-01 -3.888888888888888951e-01 4.888888888888888173e-01 -1.000000000000000000e+01 1.000000000000000000e+01 -3.333333333333333037e+00
-3.888888888888888951e-01 -2.777777777777777901e-01 1.555555555555555580e-01 -7.777777777777777679e+00 -1.111111111111110716e+00 7.777777777777778567e+00
-3.888888888888888951e-01 -2.777777777777777901e-01 1.555555555555555580e-01 1.000000000000000000e+01 1.000000000000000000e+01 -7.777777777777777679e+00
-3.888888888888888951e-01 -2.777777777777777901e-01 1.555555555555555580e-01 1.000000000000000000e+01 1.000000000000000000e+01 -1.111111111111110716e+00
-3.888888888888888951e-01 -2.777777777777777901e-01 2.111111111111111105e-01 -7.777777777777777679e+00 1.111111111111110716e+00 -1.111111111111110716e+00
-3.888888888888888951e-01 -2.777777777777777901e-01 2.666666666666666630e-01 -3.333333333333333037e+00 1.000000000000000000e+01 5.555555555555557135e+00
-3.888888888888888951e-01 -1.666666666666666852e-01 1.555555555555555580e-01 -1.000000000000000000e+01 -3.333333333333333037e+00 1.111111111111110716e+00
-3.888888888888888951e-01 -1.666666666666666852e-01 1.555555555555555580e-01 1.111111111111110716e+00 1.000000000000000000e+01 -5.555555555555555358e+00
-3.888888888888888951e-01 -1.666666666666666852e-01 1.555555555555555580e-01 1.000000000000000000e+01 3.333333333333333925e+00 -1.000000000000000000e+01
-3.888888888888888951e-01 -1.666666666666666852e-01 1.555555555555555580e-01 1.000000000000000000e+01 3.333333333333333925e+00 -3.333333333333333037e+00
-3.888888888888888951e-01 -1.666666666666666852e-01 1.555555555555555580e-01 1.000000000000000000e+01 3.333333333333333925e+00 3.333333333333333925e+00
-3.888888888888888951e-01 -1.666666666666666852e-01 2.111111111111111105e-01 -5.555555555555555358e+00 5.555555555555557135e+00 3.333333333333333925e+00
-3.888888888888888951e-01 -1.666666666666666852e-01 2.111111111111111105e-01 -5.555555555555555358e+00 5.555555555555557135e+00 1.000000000000000000e+01
-3.888888888888888951e-01 -1.666666666666666852e-01 2.111111111111111105e-01 1.000000000000000000e+01 1.000000000000000000e+01 5.555555555555557135e+00
-3.888888888888888951e-01 -1.666666666666666852e-01 2.666666666666666630e-01 -5.555555555555555358e+00 1.000000000000000000e+01 -7.777777777777777679e+00
-3.888888888888888951e-01 -1.666666666666666852e-01 3.222222222222221877e-01 -7.777777777777777679e+00 1.000000000000000000e+01 -1.111111111111110716e+00
-3.888888888888888951e-01 -1.666666666666666852e-01 3.777777777777777679e-01 -1.000000000000000000e+01 1.000000000000000000e+01 -1.000000000000000000e+01
-3.888888888888888951e-01 -5.555555555555558023e-02 1.555555555555555580e-01 -1.000000000000000000e+01 -3.333333333333333037e+00 -1.000000000000000000e+01
-3.888888888888888951e-01 -5.555555555555558023e-02 1.555555555555555580e-01 1.000000000000000000e+01 -1.111111111111110716e+00 7.777777777777778567e+00
-3.888888888888888951e-01 -5.555555555555558023e-02 2.111111111111111105e-01 -1.000000000000000000e+01 1.111111111111110716e+00 -5.555555555555555358e+00
-3.888888888888888951e-01 -5.555555555555558023e-02 2.111111111111111105e-01 5.555555555555557135e+00 1.000000000000000000e+01 -1.000000000000000000e+01
-3.888888888888888951e-01 5.555555555555558023e-02 1.555555555555555580e-01 -7.777777777777777679e+00 3.333333333333333925e+00 -1.111111111111110716e+00
-3.888888888888888951e-01 5.555555555555558023e-02 1.555555555555555580e-01 -7.777777777777777679e+00 3.333333333333333925e+00 5.555555555555557135e+00
-3.888888888888888951e-01 5.555555555555558023e-02 2.111111111111111105e-01 -7.777777777777777679e+00 7.777777777777778567e+00 -1.000000000000000000e+01
-3.888888888888888951e-01 5.555555555555558023e-02 2.111111111111111105e-01 -5.555555555555555358e+00 1.000000000000000000e+01 5.555555555555557135e+00
-3.888888888888888951e-01 5.555555555555558023e-02 2.111111111111111105e-01 5.555555555555557135e+00 7.777777777777778567e+00 -3.333333333333333037e+00
-3.888888888888888951e-01 5.555555555555558023e-02 2.111111111111111105e-01 5.555555555555557135e+00 7.777777777777778567e+00 3.333333333333333925e+00
-3.888888888888888951e-01 5.555555555555558023e-02 2.666666666666666630e-01 1.000000000000000000e+01 5.555555555555557135e+00 -1.000000000000000000e+01
-3.888888888888888951e-01 1.666666666666666297e-01 1.555555555555555580e-01 -3.333333333333333037e+00 1.000000000000000000e+01 -7.777777777777777679e+00
-3.888888888888888951e-01 1.666666666666666297e-01 1.555555555555555580e-01 -1.111111111111110716e+00 1.000000000000000000e+01 -1.111111111111110716e+00
-3.888888888888888951e-01 1.666666666666666297e-01 1.555555555555555580e-01 3.333333333333333925e+00 5.555555555555557135e+00 -1.000000000000000000e+01
-3.888888888888888951e-01 1.666666666666666297e-01 1.555555555555555580e-01 3.333333333333333925e+00 5.555555555555557135e+00 7.777777777777778567e+00
-3.888888888888888951e-01 1.666666666666666297e-01 1.555555555555555580e-01 7.777777777777778567e+00 -1.111111111111110716e+00 1.111111111111110716e+00
-3.888888888888888951e-01 1.666666666666666297e-01 1.555555555555555580e-01 1.000000000000000000e+01 -3.333333333333333037e+00 -7.777777777777777679e+00
-3.888888888888888951e-01 1.666666666666666297e-01 2.111111111111111105e-01 -1.000000000000000000e+01 1.000000000000000000e+01 -3.333333333333333037e+00
-3.888888888888888951e-01 1.666666666666666297e-01 2.666666666666666630e-01 5.555555555555557135e+00 1.000000000000000000e+01 1.000000000000000000e+01
-3.888888888888888951e-01 1.666666666666666297e-01 2.666666666666666630e-01 1.000000000000000000e+01 3.333333333333333925e+00 -3.333333333333333037e+00
-3.888888888888888951e-01 1.666666666666666297e-01 3.222222222222221877e-01 7.777777777777778567e+00 1.000000000000000000e+01 1.111111111111110716e+00
-3.888888888888888951e-01 1.666666666666666297e-01 3.222222222222221877e-01 1.000000000000000000e+01 5.555555555555557135e+00 5.555555555555557135e+00
-3.888888888888888951e-01 1.666666666666666297e-01 3.777777777777777679e-01 1.000000000000000000e+01 1.000000000000000000e+01 1.000000000000000000e+01
-3.888888888888888951e-01 2.777777777777776791e-01 1.555555555555555580e-01 -1.000000000000000000e+01 1.000000000000000000e+01 3.333333333333333925e+00
-3.888888888888888951e-01 2.777777777777776791e-01 1.555555555555555580e-01 5.555555555555557135e+00 1.111111111111110716e+00 -5.555555555555555358e+00
-3.888888888888888951e-01 2.777777777777776791e-01 1.555555555555555580e-01 7.777777777777778567e+00 -3.333333333333333037e+00 1.000000000000000000e+01
-3.888888888888888951e-01 2.777777777777776791e-01 2.666666666666666630e-01 3.333333333333333925e+00 1.000000000000000000e+01 -1.000000000000000000e+01
-3.888888888888888951e-01 2.777777777777776791e-01 2.666666666666666630e-01 7.777777777777778567e+00 3.333333333333333925e+00 1.000000000000000000e+01
-3.888888888888888951e-01 2.777777777777776791e-01 2.666666666666666630e-01 1.000000000000000000e+01 1.111111111111110716e+00 -1.000000000000000000e+01
-3.888888888888888951e-01 2.777777777777776791e-01 3.777777777777777679e-01 7.777777777777778567e+00 1.000000000000000000e+01 -1.000000000000000000e+01
-3.888888888888888951e-01 2.777777777777776791e-01 4.333333333333333481e-01 1.000000000000000000e+01 1.000000000000000000e+01 -3.333333333333333037e+00
-3.888888888888888951e-01 3.888888888888888395e-01 1.555555555555555580e-01 1.111111111111110716e+00 7.777777777777778567e+00 3.333333333333333925e+00
-3.888888888888888951e-01 3.888888888888888395e-01 1.555555555555555580e-01 1.000000000000000000e+01 -5.555555555555555358e+00 1.111111111111110716e+00
-3.888888888888888951e-01 3.888888888888888395e-01 2.111111111111111105e-01 5.555555555555557135e+00 3.333333333333333925e+00 1.111111111111110716e+00
-3.888888888888888951e-01 3.888888888888888395e-01 2.666666666666666630e-01 3.333333333333333925e+00 1.000000000000000000e+01 -1.111111111111110716e+00
-3.888888888888888951e-01 3.888888888888888395e-01 2.666666666666666630e-01 5.555555555555557135e+00 5.555555555555557135e+00 -5.555555555555555358e+00
-3.888888888888888951e-01 3.888888888888888395e-01 2.666666666666666630e-01 1.000000000000000000e+01 -1.111111111111110716e+00 1.111111111111110716e+00
-3.888888888888888951e-01 3.888888888888888395e-01 3.222222222222221877e-01 5.555555555555557135e+00 1.000000000000000000e+01 5.555555555555557135e+00
-3.888888888888888951e-01 3.888888888888888395e-01 4.333333333333333481e-01 1.000000000000000000e+01 7.777777777777778567e+00 3.333333333333333925e+00
-3.888888888888888951e-01 3.888888888888888395e-01 4.888888888888888173e-01 1.000000000000000000e+01 1.000000000000000000e+01 1.000000000000000000e+01
-2.777777777777777901e-01 -1.666666666666666852e-01 2.111111111111111105e-01 -7.777777777777777679e+00 3.333333333333333925e+00 -1.000000000000000000e+01
-2.777777777777777901e-01 -1.666666666666666852e-01 3.222222222222221877e-01 -1.000000000000000000e+01 7.777777777777778567e+00 5.555555555555557135e+00
-2.777777777777777901e-01 -5.555555555555558023e-02 1.555555555555555580e-01 -5.555555555555555358e+00 5.555555555555557135e+00 -5.555555555555555358e+00
-2.777777777777777901e-01 -5.555555555555558023e-02 1.555555555555555580e-01 -1.111111111111110716e+00 1.000000000000000000e+01 3.333333333333333925e+00
-2.777777777777777901e-01 -5.555555555555558023e-02 1.555555555555555580e-01 3.333333333333333925e+00 1.000000000000000000e+01 7.777777777777778567e+00
-2.777777777777777901e-01 -5.555555555555558023e-02 2.666666666666666630e-01 -1.000000000000000000e+01 7.777777777777778567e+00 -5.555555555555555358e+00
-2.777777777777777901e-01 -5.555555555555558023e-02 2.666666666666666630e-01 -7.777777777777777679e+00 1.000000000000000000e+01 1.000000000000000000e+01
-2.777777777777777901e-01 1.666666666666666297e-01 1.555555555555555580e-01 -1.000000000000000000e+01 5.555555555555557135e+00 1.000000000000000000e+01
-2.777777777777777901e-01 2.777777777777776791e-01 1.555555555555555580e-01 1.111111111111110716e+00 1.000000000000000000e+01 1.000000000000000000e+01
-2.777777777777777901e-01 2.777777777777776791e-01 1.555555555555555580e-01 5.555555555555557135e+00 1.111111111111110716e+00 5.555555555555557135e+00
-2.777777777777777901e-01 3.888888888888888395e-01 1.555555555555555580e-01 1.111111111111110716e+00 7.777777777777778567e+00 -7.777777777777777679e+00
-2.777777777777777901e-01 3.888888888888888395e-01 2.666666666666666630e-01 1.000000000000000000e+01 -1.111111111111110716e+00 7.777777777777778567e+00
-2.777777777777777901e-01 3.888888888888888395e-01 3.777777777777777679e-01 1.000000000000000000e+01 5.555555555555557135e+00 -7.777777777777777679e+00
-2.777777777777777901e-01 3.888888888888888395e-01 3.777777777777777679e-01 1.000000000000000000e+01 5.555555555555557135e+00 1.000000000000000000e+01
-1.666666666666666852e-01 -3.888888888888888951e-01 1.555555555555555580e-01 -1.000000000000000000e+01 -5.555555555555555358e+00 3.333333333333333925e+00
-1.666666666666666852e-01 -3.888888888888888951e-01 1.555555555555555580e-01 -1.111111111111110716e+00 1.000000000000000000e+01 -5.555555555555555358e+00
-1.666666666666666852e-01 -3.888888888888888951e-01 2.111111111111111105e-01 -7.777777777777777679e+00 1.111111111111110716e+00 3.333333333333333925e+00
-1.666666666666666852e-01 -3.888888888888888951e-01 2.111111111111111105e-01 -7.777777777777777679e+00 1.111111111111110716e+00 1.000000000000000000e+01
-1.666666666666666852e-01 -3.888888888888888951e-01 2.111111111111111105e-01 -3.333333333333333037e+00 7.777777777777778567e+00 7.777777777777778567e+00
-1.666666666666666852e-01 -3.888888888888888951e-01 2.666666666666666630e-01 -1.000000000000000000e+01 -1.111111111111110716e+00 -1.000000000000000000e+01
-1.666666666666666852e-01 -3.888888888888888951e-01 3.777777777777777679e-01 -1.000000000000000000e+01 7.777777777777778567e+00 -7.777777777777777679e+00
-1.666666666666666852e-01 -3.888888888888888951e-01 3.777777777777777679e-01 -1.000000000000000000e+01 7.777777777777778567e+00 -1.111111111111110716e+00
-1.666666666666666852e-01 -1.666666666666666852e-01 1.555555555555555580e-01 -1.000000000000000000e+01 -3.333333333333333037e+00 -3.333333333333333037e+00
-1.666666666666666852e-01 -1.666666666666666852e-01 1.555555555555555580e-01 -3.333333333333333037e+00 7.777777777777778567e+00 -1.111111111111110716e+00
-1.666666666666666852e-01 -5.555555555555558023e-02 1.555555555555555580e-01 -3.333333333333333037e+00 1.000000000000000000e+01 -1.000000000000000000e+01
-1.666666666666666852e-01 -5.555555555555558023e-02 1.555555555555555580e-01 7.777777777777778567e+00 7.777777777777778567e+00 -1.111111111111110716e+00
-1.666666666666666852e-01 -5.555555555555558023e-02 1.555555555555555580e-01 1.000000000000000000e+01 3.333333333333333925e+00 1.000000000000000000e+01
-1.666666666666666852e-01 -5.555555555555558023e-02 2.111111111111111105e-01 1.000000000000000000e+01 1.000000000000000000e+01 -7.777777777777777679e+00
-1.666666666666666852e-01 -5.555555555555558023e-02 2.666666666666666630e-01 -1.000000000000000000e+01 1.000000000000000000e+01 1.111111111111110716e+00
-1.666666666666666852e-01 5.555555555555558023e-02 1.555555555555555580e-01 -7.777777777777777679e+00 7.777777777777778567e+00 -1.111111111111110716e+00
-1.666666666666666852e-01 5.555555555555558023e-02 1.555555555555555580e-01 7.777777777777778567e+00 3.333333333333333925e+00 -1.000000000000000000e+01
-1.666666666666666852e-01 5.555555555555558023e-02 1.555555555555555580e-01 7.777777777777778567e+00 3.333333333333333925e+00 3.333333333333333925e+00
-1.666666666666666852e-01 5.555555555555558023e-02 2.666666666666666630e-01 1.000000000000000000e+01 1.000000000000000000e+01 7.777777777777778567e+00
-1.666666666666666852e-01 1.666666666666666297e-01 1.555555555555555580e-01 3.333333333333333925e+00 7.777777777777778567e+00 -1.111111111111110716e+00
-1.666666666666666852e-01 1.666666666666666297e-01 3.222222222222221877e-01 1.000000000000000000e+01 1.000000000000000000e+01 -5.555555555555555358e+00
-1.666666666666666852e-01 3.888888888888888395e-01 1.555555555555555580e-01 3.333333333333333925e+00 5.555555555555557135e+00 7.777777777777778567e+00
-1.666666666666666852e-01 3.888888888888888395e-01 1.555555555555555580e-01 5.555555555555557135e+00 1.111111111111110716e+00 -1.000000000000000000e+01
-1.666666666666666852e-01 3.888888888888888395e-01 1.555555555555555580e-01 1.000000000000000000e+01 -7.777777777777777679e+00 5.555555555555557135e+00
-1.666666666666666852e-01 3.888888888888888395e-01 1.555555555555555580e-01 1.000000000000000000e+01 -5.555555555555555358e+00 -7.777777777777777679e+00
-1.666666666666666852e-01 3.888888888888888395e-01 2.111111111111111105e-01 7.777777777777778567e+00 1.111111111111110716e+00 -3.333333333333333037e+00
-1.666666666666666852e-01 3.888888888888888395e-01 2.666666666666666630e-01 5.555555555555557135e+00 1.000000000000000000e+01 1.000000000000000000e+01
-1.666666666666666852e-01 3.888888888888888395e-01 3.222222222222221877e-01 7.777777777777778567e+00 7.777777777777778567e+00 -1.111111111111110716e+00
-1.666666666666666852e-01 3.888888888888888395e-01 3.222222222222221877e-01 1.000000000000000000e+01 3.333333333333333925e+00 3.333333333333333925e+00
-5.555555555555558023e-02 -3.888888888888888951e-01 1.555555555555555580e-01 -1.000000000000000000e+01 -1.000000000000000000e+01 7.777777777777778567e+00
-5.555555555555558023e-02 -3.888888888888888951e-01 1.555555555555555580e-01 -7.777777777777777679e+00 -3.333333333333333037e+00 -7.777777777777777679e+00
-5.555555555555558023e-02 -3.888888888888888951e-01 1.555555555555555580e-01 -1.111111111111110716e+00 1.000000000000000000e+01 3.333333333333333925e+00
-5.555555555555558023e-02 -3.888888888888888951e-01 2.111111111111111105e-01 -7.777777777777777679e+00 1.111111111111110716e+00 -3.333333333333333037e+00
-5.555555555555558023e-02 -3.888888888888888951e-01 2.666666666666666630e-01 -7.777777777777777679e+00 5.555555555555557135e+00 -1.000000000000000000e+01
-5.555555555555558023e-02 -3.888888888888888951e-01 2.666666666666666630e-01 -5.555555555555555358e+00 1.000000000000000000e+01 -1.111111111111110716e+00
-5.555555555555558023e-02 -3.888888888888888951e-01 3.222222222222221877e-01 -1.000000000000000000e+01 5.555555555555557135e+00 5.555555555555557135e+00
-5.555555555555558023e-02 -2.777777777777777901e-01 1.555555555555555580e-01 -1.000000000000000000e+01 -1.000000000000000000e+01 -7.777777777777777679e+00
-5.555555555555558023e-02 -2.777777777777777901e-01 1.555555555555555580e-01 -5.555555555555555358e+00 3.333333333333333925e+00 -7.777777777777777679e+00
-5.555555555555558023e-02 -2.777777777777777901e-01 2.666666666666666630e-01 -7.777777777777777679e+00 7.777777777777778567e+00 1.000000000000000000e+01
-5.555555555555558023e-02 -1.666666666666666852e-01 1.555555555555555580e-01 -5.555555555555555358e+00 5.555555555555557135e+00 5.555555555555557135e+00
-5.555555555555558023e-02 -1.666666666666666852e-01 2.111111111111111105e-01 -1.000000000000000000e+01 3.333333333333333925e+00 1.111111111111110716e+00
-5.555555555555558023e-02 -5.555555555555558023e-02 1.555555555555555580e-01 -1.000000000000000000e+01 1.111111111111110716e+00 -7.777777777777777679e+00
-5.555555555555558023e-02 -5.555555555555558023e-02 2.111111111111111105e-01 -1.000000000000000000e+01 7.777777777777778567e+00 -1.000000000000000000e+01
-5.555555555555558023e-02 5.555555555555558023e-02 1.555555555555555580e-01 -1.000000000000000000e+01 7.777777777777778567e+00 5.555555555555557135e+00
-5.555555555555558023e-02 1.666666666666666297e-01 1.555555555555555580e-01 3.333333333333333925e+00 1.000000000000000000e+01 5.555555555555557135e+00
-5.555555555555558023e-02 1.666666666666666297e-01 1.555555555555555580e-01 1.000000000000000000e+01 -3.333333333333333037e+00 3.333333333333333925e+00
-5.555555555555558023e-02 1.666666666666666297e-01 2.111111111111111105e-01 5.555555555555557135e+00 1.000000000000000000e+01 -1.000000000000000000e+01
-5.555555555555558023e-02 1.666666666666666297e-01 2.111111111111111105e-01 1.000000000000000000e+01 3.333333333333333925e+00 -5.555555555555555358e+00
-5.555555555555558023e-02 3.888888888888888395e-01 1.555555555555555580e-01 1.111111111111110716e+00 1.000000000000000000e+01 -3.333333333333333037e+00
-5.555555555555558023e-02 3.888888888888888395e-01 1.555555555555555580e-01 1.000000000000000000e+01 -1.000000000000000000e+01 -3.333333333333333037e+00
-5.555555555555558023e-02 3.888888888888888395e-01 2.111111111111111105e-01 7.777777777777778567e+00 1.111111111111110716e+00 1.000000000000000000e+01
-5.555555555555558023e-02 3.888888888888888395e-01 2.666666666666666630e-01 7.777777777777778567e+00 5.555555555555557135e+00 -1.000000000000000000e+01
-5.555555555555558023e-02 3.888888888888888395e-01 3.777777777777777679e-01 1.000000000000000000e+01 1.000000000000000000e+01 3.333333333333333925e+00
-5.555555555555558023e-02 3.888888888888888395e-01 3.777777777777777679e-01 1.000000000000000000e+01 1.000000000000000000e+01 1.000000000000000000e+01
5.555555555555558023e-02 -3.888888888888888951e-01 1.555555555555555580e-01 -7.777777777777777679e+00 -7.777777777777777679e+00 -3.333333333333333037e+00
5.555555555555558023e-02 -3.888888888888888951e-01 1.555555555555555580e-01 -3.333333333333333037e+00 -1.000000000000000000e+01 -1.000000000000000000e+01
5.555555555555558023e-02 -3.888888888888888951e-01 1.555555555555555580e-01 -3.333333333333333037e+00 -1.000000000000000000e+01 1.111111111111110716e+00
5.555555555555558023e-02 -3.888888888888888951e-01 1.555555555555555580e-01 -3.333333333333333037e+00 7.777777777777778567e+00 -1.000000000000000000e+01
5.555555555555558023e-02 -3.888888888888888951e-01 1.555555555555555580e-01 -1.111111111111110716e+00 -1.000000000000000000e+01 7.777777777777778567e+00
5.555555555555558023e-02 -3.888888888888888951e-01 1.555555555555555580e-01 1.111111111111110716e+00 -1.000000000000000000e+01 -5.555555555555555358e+00
5.555555555555558023e-02 -3.888888888888888951e-01 1.555555555555555580e-01 3.333333333333333925e+00 -1.000000000000000000e+01 1.111111111111110716e+00
5.555555555555558023e-02 -3.888888888888888951e-01 1.555555555555555580e-01 5.555555555555557135e+00 -1.000000000000000000e+01 7.777777777777778567e+00
5.555555555555558023e-02 -3.888888888888888951e-01 1.555555555555555580e-01 7.777777777777778567e+00 -1.000000000000000000e+01 -7.777777777777777679e+00
5.555555555555558023e-02 -3.888888888888888951e-01 3.777777777777777679e-01 -1.000000000000000000e+01 1.000000000000000000e+01 1.000000000000000000e+01
5.555555555555558023e-02 -1.666666666666666852e-01 1.555555555555555580e-01 -3.333333333333333037e+00 -1.000000000000000000e+01 -5.555555555555555358e+00
5.555555555555558023e-02 -1.666666666666666852e-01 1.555555555555555580e-01 5.555555555555557135e+00 -1.000000000000000000e+01 -3.333333333333333037e+00
5.555555555555558023e-02 -1.666666666666666852e-01 1.555555555555555580e-01 7.777777777777778567e+00 -1.000000000000000000e+01 3.333333333333333925e+00
5.555555555555558023e-02 -1.666666666666666852e-01 2.111111111111111105e-01 -7.777777777777777679e+00 1.000000000000000000e+01 -5.555555555555555358e+00
5.555555555555558023e-02 -5.555555555555558023e-02 1.555555555555555580e-01 -1.000000000000000000e+01 -7.777777777777777679e+00 1.000000000000000000e+01
5.555555555555558023e-02 -5.555555555555558023e-02 1.555555555555555580e-01 -3.333333333333333037e+00 -1.000000000000000000e+01 1.111111111111110716e+00
5.555555555555558023e-02 -5.555555555555558023e-02 1.555555555555555580e-01 -1.111111111111110716e+00 -1.000000000000000000e+01 7.777777777777778567e+00
5.555555555555558023e-02 5.555555555555558023e-02 1.555555555555555580e-01 -3.333333333333333037e+00 -1.000000000000000000e+01 -1.000000000000000000e+01
5.555555555555558023e-02 5.555555555555558023e-02 1.555555555555555580e-01 1.111111111111110716e+00 -1.000000000000000000e+01 -5.555555555555555358e+00
5.555555555555558023e-02 5.555555555555558023e-02 1.555555555555555580e-01 3.333333333333333925e+00 -1.000000000000000000e+01 1.111111111111110716e+00
5.555555555555558023e-02 5.555555555555558023e-02 1.555555555555555580e-01 1.000000000000000000e+01 -7.777777777777777679e+00 -1.000000000000000000e+01
5.555555555555558023e-02 1.666666666666666297e-01 1.555555555555555580e-01 -1.000000000000000000e+01 -1.000000000000000000e+01 -3.333333333333333037e+00
5.555555555555558023e-02 1.666666666666666297e-01 1.555555555555555580e-01 3.333333333333333925e+00 -1.000000000000000000e+01 7.777777777777778567e+00
5.555555555555558023e-02 1.666666666666666297e-01 1.555555555555555580e-01 1.000000000000000000e+01 -5.555555555555555358e+00 1.000000000000000000e+01
5.555555555555558023e-02 1.666666666666666297e-01 2.111111111111111105e-01 7.777777777777778567e+00 1.000000000000000000e+01 -1.111111111111110716e+00
5.555555555555558023e-02 1.666666666666666297e-01 2.111111111111111105e-01 7.777777777777778567e+00 1.000000000000000000e+01 1.000000000000000000e+01
5.555555555555558023e-02 2.777777777777776791e-01 1.555555555555555580e-01 -1.000000000000000000e+01 -1.000000000000000000e+01 -1.000000000000000000e+01
5.555555555555558023e-02 2.777777777777776791e-01 1.555555555555555580e-01 -1.000000000000000000e+01 -1.000000000000000000e+01 3.333333333333333925e+00
5.555555555555558023e-02 2.777777777777776791e-01 1.555555555555555580e-01 -3.333333333333333037e+00 -1.000000000000000000e+01 -5.555555555555555358e+00
5.555555555555558023e-02 2.777777777777776791e-01 1.555555555555555580e-01 -3.333333333333333037e+00 -1.000000000000000000e+01 3.333333333333333925e+00
5.555555555555558023e-02 2.777777777777776791e-01 1.555555555555555580e-01 1.111111111111110716e+00 -1.000000000000000000e+01 -1.000000000000000000e+01
5.555555555555558023e-02 2.777777777777776791e-01 3.222222222222221877e-01 1.000000000000000000e+01 1.000000000000000000e+01 -1.000000000000000000e+01
5.555555555555558023e-02 3.888888888888888395e-01 1.555555555555555580e-01 -1.000000000000000000e+01 -1.000000000000000000e+01 1.000000000000000000e+01
5.555555555555558023e-02 3.888888888888888395e-01 1.555555555555555580e-01 -3.333333333333333037e+00 -1.000000000000000000e+01 1.000000000000000000e+01
5.555555555555558023e-02 3.888888888888888395e-01 1.555555555555555580e-01 1.111111111111110716e+00 -1.000000000000000000e+01 -1.111111111111110716e+00
5.555555555555558023e-02 3.888888888888888395e-01 2.111111111111111105e-01 5.555555555555557135e+00 7.777777777777778567e+00 3.333333333333333925e+00
5.555555555555558023e-02 3.888888888888888395e-01 2.111111111111111105e-01 1.000000000000000000e+01 -1.000000000000000000e+01 1.000000000000000000e+01
5.555555555555558023e-02 3.888888888888888395e-01 2.111111111111111105e-01 1.000000000000000000e+01 -1.111111111111110716e+00 -1.000000000000000000e+01
5.555555555555558023e-02 3.888888888888888395e-01 2.666666666666666630e-01 1.000000000000000000e+01 3.333333333333333925e+00 -1.111111111111110716e+00
1.666666666666666297e-01 -3.888888888888888951e-01 1.555555555555555580e-01 -7.777777777777777679e+00 -5.555555555555555358e+00 5.555555555555557135e+00
1.666666666666666297e-01 -3.888888888888888951e-01 1.555555555555555580e-01 -7.777777777777777679e+00 -1.111111111111110716e+00 1.111111111111110716e+00
1.666666666666666297e-01 -3.888888888888888951e-01 1.555555555555555580e-01 -7.777777777777777679e+00 -1.111111111111110716e+00 1.000000000000000000e+01
1.666666666666666297e-01 -3.888888888888888951e-01 1.555555555555555580e-01 -5.555555555555555358e+00 3.333333333333333925e+00 5.555555555555557135e+00
1.666666666666666297e-01 -3.888888888888888951e-01 1.555555555555555580e-01 -3.333333333333333037e+00 1.000000000000000000e+01 -3.333333333333333037e+00
1.666666666666666297e-01 -3.888888888888888951e-01 2.111111111111111105e-01 -1.000000000000000000e+01 -7.777777777777777679e+00 -1.000000000000000000e+01
1.666666666666666297e-01 -3.888888888888888951e-01 2.111111111111111105e-01 -1.000000000000000000e+01 -1.111111111111110716e+00 -1.000000000000000000e+01
1.666666666666666297e-01 -3.888888888888888951e-01 2.666666666666666630e-01 -1.000000000000000000e+01 5.555555555555557135e+00 -5.555555555555555358e+00
1.666666666666666297e-01 -3.888888888888888951e-01 3.222222222222221877e-01 -1.000000000000000000e+01 1.000000000000000000e+01 -1.111111111111110716e+00
1.666666666666666297e-01 -2.777777777777777901e-01 1.555555555555555580e-01 -3.333333333333333037e+00 1.000000000000000000e+01 7.777777777777778567e+00
1.666666666666666297e-01 -2.777777777777777901e-01 2.111111111111111105e-01 -7.777777777777777679e+00 7.777777777777778567e+00 3.333333333333333925e+00
1.666666666666666297e-01 -2.777777777777777901e-01 2.111111111111111105e-01 3.333333333333333925e+00 -1.000000000000000000e+01 -1.000000000000000000e+01
1.666666666666666297e-01 -2.777777777777777901e-01 2.666666666666666630e-01 -1.000000000000000000e+01 1.000000000000000000e+01 -1.000000000000000000e+01
1.666666666666666297e-01 -1.666666666666666852e-01 1.555555555555555580e-01 -1.000000000000000000e+01 -5.555555555555555358e+00 -5.555555555555555358e+00
1.666666666666666297e-01 -1.666666666666666852e-01 1.555555555555555580e-01 -1.000000000000000000e+01 -5.555555555555555358e+00 1.111111111111110716e+00
1.666666666666666297e-01 -1.666666666666666852e-01 2.111111111111111105e-01 -5.555555555555555358e+00 -1.000000000000000000e+01 5.555555555555557135e+00
1.666666666666666297e-01 -5.555555555555558023e-02 2.111111111111111105e-01 1.000000000000000000e+01 -1.000000000000000000e+01 -5.555555555555555358e+00
1.666666666666666297e-01 5.555555555555558023e-02 2.111111111111111105e-01 -5.555555555555555358e+00 -1.000000000000000000e+01 1.000000000000000000e+01
1.666666666666666297e-01 5.555555555555558023e-02 2.111111111111111105e-01 1.000000000000000000e+01 -1.000000000000000000e+01 1.111111111111110716e+00
1.666666666666666297e-01 1.666666666666666297e-01 1.555555555555555580e-01 1.000000000000000000e+01 1.111111111111110716e+00 1.000000000000000000e+01
1.666666666666666297e-01 1.666666666666666297e-01 2.111111111111111105e-01 5.555555555555557135e+00 -1.000000000000000000e+01 -3.333333333333333037e+00
1.666666666666666297e-01 2.777777777777776791e-01 1.555555555555555580e-01 3.333333333333333925e+00 1.000000000000000000e+01 -7.777777777777777679e+00
1.666666666666666297e-01 2.777777777777776791e-01 1.555555555555555580e-01 7.777777777777778567e+00 -5.555555555555555358e+00 -7.777777777777777679e+00
1.666666666666666297e-01 2.777777777777776791e-01 2.111111111111111105e-01 5.555555555555557135e+00 -1.000000000000000000e+01 3.333333333333333925e+00
1.666666666666666297e-01 2.777777777777776791e-01 2.666666666666666630e-01 1.000000000000000000e+01 1.000000000000000000e+01 3.333333333333333925e+00
1.666666666666666297e-01 3.888888888888888395e-01 1.555555555555555580e-01 1.111111111111110716e+00 -7.777777777777777679e+00 5.555555555555557135e+00
1.666666666666666297e-01 3.888888888888888395e-01 1.555555555555555580e-01 3.333333333333333925e+00 1.000000000000000000e+01 7.777777777777778567e+00
1.666666666666666297e-01 3.888888888888888395e-01 1.555555555555555580e-01 5.555555555555557135e+00 3.333333333333333925e+00 -1.000000000000000000e+01
1.666666666666666297e-01 3.888888888888888395e-01 1.555555555555555580e-01 7.777777777777778567e+00 -3.333333333333333037e+00 1.111111111111110716e+00
1.666666666666666297e-01 3.888888888888888395e-01 1.555555555555555580e-01 7.777777777777778567e+00 -3.333333333333333037e+00 7.777777777777778567e+00
1.666666666666666297e-01 3.888888888888888395e-01 2.666666666666666630e-01 1.000000000000000000e+01 5.555555555555557135e+00 7.777777777777778567e+00
2.777777777777776791e-01 -3.888888888888888951e-01 1.555555555555555580e-01 -7.777777777777777679e+00 1.111111111111110716e+00 -5.555555555555555358e+00
2.777777777777776791e-01 -3.888888888888888951e-01 1.555555555555555580e-01 -5.555555555555555358e+00 -5.555555555555555358e+00 -7.777777777777777679e+00
2.777777777777776791e-01 -3.888888888888888951e-01 1.555555555555555580e-01 7.777777777777778567e+00 -7.777777777777777679e+00 1.111111111111110716e+00
2.777777777777776791e-01 -3.888888888888888951e-01 2.111111111111111105e-01 -7.777777777777777679e+00 5.555555555555557135e+00 1.000000000000000000e+01
2.777777777777776791e-01 -3.888888888888888951e-01 2.111111111111111105e-01 -5.555555555555555358e+00 -7.777777777777777679e+00 1.000000000000000000e+01
2.777777777777776791e-01 -3.888888888888888951e-01 2.666666666666666630e-01 -7.777777777777777679e+00 -1.000000000000000000e+01 -5.555555555555555358e+00
2.777777777777776791e-01 -3.888888888888888951e-01 2.666666666666666630e-01 -7.777777777777777679e+00 -1.000000000000000000e+01 1.111111111111110716e+00
2.777777777777776791e-01 -2.777777777777777901e-01 1.555555555555555580e-01 7.777777777777778567e+00 -7.777777777777777679e+00 1.000000000000000000e+01
2.777777777777776791e-01 -1.666666666666666852e-01 1.555555555555555580e-01 -1.000000000000000000e+01 5.555555555555557135e+00 -1.000000000000000000e+01
2.777777777777776791e-01 -1.666666666666666852e-01 1.555555555555555580e-01 -7.777777777777777679e+00 1.000000000000000000e+01 -1.111111111111110716e+00
2.777777777777776791e-01 -5.555555555555558023e-02 2.666666666666666630e-01 -1.000000000000000000e+01 -1.000000000000000000e+01 7.777777777777778567e+00
2.777777777777776791e-01 5.555555555555558023e-02 1.555555555555555580e-01 1.000000000000000000e+01 -5.555555555555555358e+00 -3.333333333333333037e+00
2.777777777777776791e-01 5.555555555555558023e-02 2.666666666666666630e-01 5.555555555555557135e+00 -1.000000000000000000e+01 -1.000000000000000000e+01
2.777777777777776791e-01 1.666666666666666297e-01 1.555555555555555580e-01 1.000000000000000000e+01 5.555555555555557135e+00 5.555555555555557135e+00
2.777777777777776791e-01 2.777777777777776791e-01 1.555555555555555580e-01 1.000000000000000000e+01 -1.111111111111110716e+00 -3.333333333333333037e+00
2.777777777777776791e-01 2.777777777777776791e-01 2.111111111111111105e-01 1.000000000000000000e+01 5.555555555555557135e+00 -1.000000000000000000e+01
2.777777777777776791e-01 3.888888888888888395e-01 1.555555555555555580e-01 -7.777777777777777679e+00 -7.777777777777777679e+00 -7.777777777777777679e+00
2.777777777777776791e-01 3.888888888888888395e-01 1.555555555555555580e-01 -7.777777777777777679e+00 -7.777777777777777679e+00 -1.111111111111110716e+00
2.777777777777776791e-01 3.888888888888888395e-01 1.555555555555555580e-01 5.555555555555557135e+00 5.555555555555557135e+00 -3.333333333333333037e+00
2.777777777777776791e-01 3.888888888888888395e-01 2.111111111111111105e-01 1.000000000000000000e+01 1.111111111111110716e+00 3.333333333333333925e+00
2.777777777777776791e-01 3.888888888888888395e-01 2.666666666666666630e-01 3.333333333333333925e+00 -1.000000000000000000e+01 -1.000000000000000000e+01
2.777777777777776791e-01 3.888888888888888395e-01 2.666666666666666630e-01 7.777777777777778567e+00 -1.000000000000000000e+01 -1.111111111111110716e+00
3.888888888888888395e-01 -3.888888888888888951e-01 1.555555555555555580e-01 -7.777777777777777679e+00 3.333333333333333925e+00 1.111111111111110716e+00
3.888888888888888395e-01 -3.888888888888888951e-01 1.555555555555555580e-01 -5.555555555555555358e+00 7.777777777777778567e+00 -1.000000000000000000e+01
3.888888888888888395e-01 -3.888888888888888951e-01 1.555555555555555580e-01 -5.555555555555555358e+00 7.777777777777778567e+00 5.555555555555557135e+00
3.888888888888888395e-01 -3.888888888888888951e-01 1.555555555555555580e-01 -1.111111111111110716e+00 -5.555555555555555358e+00 -3.333333333333333037e+00
3.888888888888888395e-01 -3.888888888888888951e-01 1.555555555555555580e-01 -1.111111111111110716e+00 -5.555555555555555358e+00 3.333333333333333925e+00
3.888888888888888395e-01 -3.888888888888888951e-01 1.555555555555555580e-01 1.111111111111110716e+00 -5.555555555555555358e+00 -1.000000000000000000e+01
3.888888888888888395e-01 -3.888888888888888951e-01 1.555555555555555580e-01 1.111111111111110716e+00 -5.555555555555555358e+00 1.000000000000000000e+01
3.888888888888888395e-01 -3.888888888888888951e-01 2.111111111111111105e-01 -1.000000000000000000e+01 -5.555555555555555358e+00 -3.333333333333333037e+00
3.888888888888888395e-01 -3.888888888888888951e-01 2.111111111111111105e-01 5.555555555555557135e+00 -7.777777777777777679e+00 -5.555555555555555358e+00
3.888888888888888395e-01 -3.888888888888888951e-01 2.111111111111111105e-01 1.000000000000000000e+01 -7.777777777777777679e+00 -1.000000000000000000e+01
3.888888888888888395e-01 -3.888888888888888951e-01 2.666666666666666630e-01 -1.000000000000000000e+01 1.000000000000000000e+01 3.333333333333333925e+00
3.888888888888888395e-01 -3.888888888888888951e-01 2.666666666666666630e-01 3.333333333333333925e+00 -1.000000000000000000e+01 1.111111111111110716e+00
3.888888888888888395e-01 -3.888888888888888951e-01 2.666666666666666630e-01 3.333333333333333925e+00 -1.000000000000000000e+01 7.777777777777778567e+00
3.888888888888888395e-01 -3.888888888888888951e-01 3.222222222222221877e-01 -7.777777777777777679e+00 -1.000000000000000000e+01 7.777777777777778567e+00
3.888888888888888395e-01 -2.777777777777777901e-01 2.111111111111111105e-01 -1.000000000000000000e+01 -5.555555555555555358e+00 7.777777777777778567e+00
3.888888888888888395e-01 -2.777777777777777901e-01 2.111111111111111105e-01 -1.000000000000000000e+01 1.000000000000000000e+01 -5.555555555555555358e+00
3.888888888888888395e-01 -2.777777777777777901e-01 2.666666666666666630e-01 1.000000000000000000e+01 -1.000000000000000000e+01 -3.333333333333333037e+00
3.888888888888888395e-01 -1.666666666666666852e-01 1.555555555555555580e-01 -5.555555555555555358e+00 -5.555555555555555358e+00 -3.333333333333333037e+00
3.888888888888888395e-01 -1.666666666666666852e-01 1.555555555555555580e-01 3.333333333333333925e+00 -5.555555555555555358e+00 -3.333333333333333037e+00
3.888888888888888395e-01 -1.666666666666666852e-01 1.555555555555555580e-01 7.777777777777778567e+00 -5.555555555555555358e+00 -7.777777777777777679e+00
3.888888888888888395e-01 -1.666666666666666852e-01 2.111111111111111105e-01 -1.000000000000000000e+01 -7.777777777777777679e+00 -1.000000000000000000e+01
3.888888888888888395e-01 -1.666666666666666852e-01 2.111111111111111105e-01 1.111111111111110716e+00 -7.777777777777777679e+00 5.555555555555557135e+00
3.888888888888888395e-01 -1.666666666666666852e-01 2.666666666666666630e-01 7.777777777777778567e+00 -1.000000000000000000e+01 3.333333333333333925e+00
3.888888888888888395e-01 -5.555555555555558023e-02 1.555555555555555580e-01 -5.555555555555555358e+00 -5.555555555555555358e+00 3.333333333333333925e+00
3.888888888888888395e-01 -5.555555555555558023e-02 1.555555555555555580e-01 -1.111111111111110716e+00 -5.555555555555555358e+00 -1.000000000000000000e+01
3.888888888888888395e-01 -5.555555555555558023e-02 1.555555555555555580e-01 -1.111111111111110716e+00 -5.555555555555555358e+00 1.000000000000000000e+01
3.888888888888888395e-01 -5.555555555555558023e-02 2.111111111111111105e-01 -1.000000000000000000e+01 -7.777777777777777679e+00 -1.111111111111110716e+00
3.888888888888888395e-01 -5.555555555555558023e-02 2.666666666666666630e-01 5.555555555555557135e+00 -1.000000000000000000e+01 1.000000000000000000e+01
3.888888888888888395e-01 5.555555555555558023e-02 1.555555555555555580e-01 -1.000000000000000000e+01 -5.555555555555555358e+00 7.777777777777778567e+00
3.888888888888888395e-01 5.555555555555558023e-02 1.555555555555555580e-01 -1.111111111111110716e+00 -5.555555555555555358e+00 -3.333333333333333037e+00
3.888888888888888395e-01 5.555555555555558023e-02 1.555555555555555580e-01 3.333333333333333925e+00 -5.555555555555555358e+00 1.111111111111110716e+00
3.888888888888888395e-01 5.555555555555558023e-02 2.111111111111111105e-01 1.000000000000000000e+01 -7.777777777777777679e+00 5.555555555555557135e+00
3.888888888888888395e-01 5.555555555555558023e-02 2.666666666666666630e-01 -7.777777777777777679e+00 -1.000000000000000000e+01 -7.777777777777777679e+00
3.888888888888888395e-01 1.666666666666666297e-01 1.555555555555555580e-01 -1.111111111111110716e+00 -5.555555555555555358e+00 5.555555555555557135e+00
3.888888888888888395e-01 1.666666666666666297e-01 1.555555555555555580e-01 3.333333333333333925e+00 -5.555555555555555358e+00 1.000000000000000000e+01
3.888888888888888395e-01 1.666666666666666297e-01 3.222222222222221877e-01 1.000000000000000000e+01 -1.000000000000000000e+01 -7.777777777777777679e+00
3.888888888888888395e-01 2.777777777777776791e-01 1.555555555555555580e-01 -5.555555555555555358e+00 -5.555555555555555358e+00 1.000000000000000000e+01
3.888888888888888395e-01 2.777777777777776791e-01 1.555555555555555580e-01 -1.111111111111110716e+00 -5.555555555555555358e+00 -1.000000000000000000e+01
3.888888888888888395e-01 2.777777777777776791e-01 1.555555555555555580e-01 7.777777777777778567e+00 7.777777777777778567e+00 1.111111111111110716e+00
3.888888888888888395e-01 2.777777777777776791e-01 1.555555555555555580e-01 7.777777777777778567e+00 7.777777777777778567e+00 1.000000000000000000e+01
3.888888888888888395e-01 2.777777777777776791e-01 2.111111111111111105e-01 -5.555555555555555358e+00 -7.777777777777777679e+00 3.333333333333333925e+00
3.888888888888888395e-01 2.777777777777776791e-01 2.111111111111111105e-01 1.000000000000000000e+01 1.000000000000000000e+01 -5.555555555555555358e+00
3.888888888888888395e-01 2.777777777777776791e-01 2.666666666666666630e-01 -5.555555555555555358e+00 -1.000000000000000000e+01 -3.333333333333333037e+00
3.888888888888888395e-01 2.777777777777776791e-01 2.666666666666666630e-01 -3.333333333333333037e+00 -1.000000000000000000e+01 -1.000000000000000000e+01
3.888888888888888395e-01 3.888888888888888395e-01 1.555555555555555580e-01 -1.111111111111110716e+00 -5.555555555555555358e+00 -3.333333333333333037e+00
3.888888888888888395e-01 3.888888888888888395e-01 2.111111111111111105e-01 1.000000000000000000e+01 -5.555555555555555358e+00 3.333333333333333925e+00
3.888888888888888395e-01 3.888888888888888395e-01 2.111111111111111105e-01 1.000000000000000000e+01 -5.555555555555555358e+00 1.000000000000000000e+01
3.888888888888888395e-01 3.888888888888888395e-01 2.666666666666666630e-01 -1.000000000000000000e+01 -1.000000000000000000e+01 5.555555555555557135e+00
3.888888888888888395e-01 3.888888888888888395e-01 3.222222222222221877e-01 1.000000000000000000e+01 -1.000000000000000000e+01 5.555555555555557135e+00
