7.751668677826493159e-01 6.900594507641735209e-01 6.310509141656664989e-01 3.725704822006249972e-01 4.548614079717716030e-01 8.040883346740462789e-01
7.853910820292919759e-01 7.175791275686699278e-01 7.180930797118840747e-01 4.033097513472758688e-01 3.778290777266855582e-01 7.202678531054725886e-01
7.765434629932446153e-01 6.894456409304853262e-01 6.166502685261467942e-01 3.712301446421777951e-01 4.591446713511019850e-01 8.140989001565541727e-01
7.732707443698925154e-01 6.933299149865846944e-01 6.488962165065932375e-01 3.859793035446864029e-01 4.302096416967855497e-01 7.816495690121479933e-01
7.762678605320683101e-01 7.035341672714723327e-01 6.859630773197172848e-01 3.972192685747154561e-01 3.984665169538063045e-01 7.461539617662243939e-01
7.745237623699314788e-01 6.907480730379327305e-01 6.259018935304805353e-01 3.827708737505454706e-01 4.488356660691398270e-01 8.057961312121603159e-01
7.743157929723598620e-01 7.023469733269186444e-01 6.835015252308057621e-01 4.019750117914591137e-01 3.978364731295809253e-01 7.499067086605084587e-01
7.824233126777271341e-01 7.173586545737034026e-01 7.196789710656099626e-01 4.123191482660584217e-01 3.647703112001531300e-01 7.155928074910741232e-01
7.830624201388814987e-01 7.032498453324277365e-01 6.695691887117564134e-01 4.037297765578857223e-01 4.533626719270231753e-01 7.874123743431444833e-01
7.800676988862252914e-01 7.037581975981709315e-01 6.688455269684605575e-01 4.177070838502507932e-01 4.429564356576963791e-01 7.860513921689278316e-01
7.975128335976811034e-01 7.286089414626042426e-01 7.266939836094442606e-01 4.493405707666190962e-01 4.406298973878653991e-01 7.573600781319026476e-01
7.904492142817378664e-01 7.121037855667423644e-01 6.655532280405391798e-01 4.459718972250236169e-01 4.848005359107900869e-01 8.216826457412409468e-01
8.046301556159041191e-01 7.221824032352202050e-01 6.764922634900706333e-01 4.566527197463200460e-01 5.236018509027665635e-01 8.372754782163200904e-01
8.042045983663925757e-01 7.234584171883490233e-01 6.721004004097640427e-01 4.644817162677202793e-01 5.214154705232504350e-01 8.424425700931066352e-01
8.030451623752083989e-01 7.311401150792864456e-01 7.151710414330108012e-01 4.763839182907378955e-01 4.880064784535555478e-01 7.989400937638059252e-01
8.061436879360468488e-01 7.423426421219487814e-01 7.486425682938140369e-01 4.915234741688077058e-01 4.596441981270405486e-01 7.678832878054809852e-01
8.139002593839788080e-01 7.567682184217680019e-01 7.778778604986498202e-01 5.008781370684076695e-01 4.329218910772973383e-01 7.411063478624498879e-01
8.278295790878013038e-01 7.667189698581375890e-01 7.843201670142120330e-01 5.218418381569858155e-01 4.867201111960531845e-01 7.708650850471698845e-01
8.151613958214595224e-01 7.495400733745419819e-01 7.479232674716386198e-01 5.225164560773959410e-01 5.081032334692265895e-01 8.070508220142713629e-01
8.294432631131241074e-01 7.599443338553357741e-01 7.462429311372532625e-01 5.529597252411845298e-01 5.630809191364766209e-01 8.516246692883036040e-01
8.481654381682013355e-01 7.790360461336980347e-01 7.752548074715265303e-01 5.847682377696273859e-01 6.001284625748136703e-01 8.655403117113883438e-01
8.525348067657441131e-01 7.901887628703370137e-01 8.069047773781131694e-01 5.920707811539186460e-01 5.785013108907557378e-01 8.346454735191938257e-01
8.599077536720020065e-01 8.076767944130773813e-01 8.415584833242408802e-01 6.051200198027156807e-01 5.457018629177207147e-01 8.015552587213881086e-01
8.678110599603469089e-01 7.955202631391825596e-01 7.766959508747734997e-01 6.211179868015830330e-01 6.545403369041606911e-01 9.166998337268300601e-01
8.878969281715680673e-01 8.297254609976856266e-01 8.548145428444415828e-01 6.762798989607790023e-01 6.587296648863059101e-01 8.904451169520151144e-01
7.336329813796342858e-01 6.266513259274461012e-01 6.083881554458741014e-01 3.439112859507695852e-01 3.721135809455273780e-01 7.088502415722389705e-01
7.227048057135764259e-01 6.149115606227314457e-01 5.753576353596031590e-01 3.607021714202487406e-01 3.908340153074387757e-01 7.414489710655364219e-01
7.256026014808413249e-01 6.262104584416517961e-01 5.640587795312174135e-01 3.523937186779065867e-01 4.005719536953404325e-01 7.585412713298413934e-01
7.074428450951150138e-01 5.690004174943906756e-01 5.602131354519975792e-01 3.223258748769528004e-01 3.182531374590995554e-01 6.487798607970834963e-01
6.884578653020254624e-01 5.502495034277885555e-01 5.300140521785438041e-01 3.399966423410484828e-01 3.448290803684690431e-01 6.816741192731964327e-01
7.029386036909878177e-01 5.683755506353030951e-01 5.635556149337689336e-01 3.338947891186250794e-01 3.100108726443666640e-01 6.511416579016533479e-01
6.881586998810963474e-01 5.557706879195013494e-01 5.226659504427445535e-01 3.337747054370900912e-01 3.483326150628201501e-01 6.887997559016690863e-01
7.005060678631321869e-01 5.712657429329573988e-01 5.563210587546068009e-01 3.274124867110564940e-01 3.126322610490294696e-01 6.576895578760107997e-01
6.879356993266536602e-01 5.545866043367478904e-01 4.930360367239847164e-01 3.295839017744843225e-01 3.714552745800892009e-01 7.120344943310017438e-01
7.178729266450126767e-01 5.928101681612617524e-01 5.782788064157357022e-01 3.132029124074716675e-01 2.827233822273289565e-01 6.349495037691336163e-01
7.261093467634822662e-01 5.897162747232760349e-01 5.839322820627936839e-01 4.203377601487539583e-01 4.449068225273760668e-01 7.195803906515521042e-01
7.288615469266698232e-01 5.920653648599062402e-01 5.732967121194485483e-01 4.672830879653084302e-01 5.076730216666580642e-01 7.724782689387796886e-01
7.565634939742684750e-01 6.342824416675475474e-01 6.542830568573150263e-01 5.155432195339300083e-01 5.003227819217427319e-01 7.450251797990332658e-01
6.541290656897907896e-01 4.621183837344617351e-01 4.174745333226009825e-01 3.295467348795446116e-01 4.013532235534076897e-01 6.934531633121001626e-01
6.570760913177409179e-01 4.696977930676488611e-01 4.363236002101680278e-01 3.339231776340754743e-01 3.777509082329379431e-01 6.740850481632069124e-01
6.480500000722551057e-01 4.614409702959737514e-01 4.218691081067491577e-01 3.541973021097432617e-01 3.915172998595184972e-01 6.911495359105759295e-01
6.472281511808283261e-01 4.680122861868579731e-01 4.217751409163357779e-01 3.565994551718855154e-01 3.917640636342993310e-01 6.978721230891034022e-01
6.690201711394025974e-01 4.976393786817729370e-01 4.468458514882350241e-01 3.214012930611220287e-01 3.479985874187916939e-01 6.633678670561887758e-01
6.562287100571320142e-01 4.650043029709118314e-01 4.097084985549150349e-01 3.678012331734213936e-01 4.462195403462022036e-01 7.267981847649369609e-01
6.923666024423836829e-01 5.102095704923041986e-01 4.959623125056826787e-01 3.342758131319946147e-01 3.746388121386711179e-01 6.545933493062663366e-01
6.655611235199397901e-01 4.847903832503944743e-01 4.650784002570794717e-01 3.702369823864928300e-01 3.916898369195129792e-01 6.786851783139029592e-01
6.829211959724007519e-01 5.070961949061154606e-01 5.009947311450044793e-01 3.586125375995851128e-01 3.570580756647628862e-01 6.487171489408375402e-01
7.087676814403373049e-01 5.350043700885299680e-01 5.339862349852828594e-01 3.754685111600801761e-01 3.871220448805741121e-01 6.536081266703880344e-01
6.908460711295165702e-01 5.390882400899558169e-01 5.237118307857888677e-01 3.890182755579182361e-01 3.712330428234488777e-01 6.686918410257681744e-01
7.096620716488597491e-01 5.585730728565549974e-01 5.518176680898478903e-01 3.754688201687810811e-01 3.423811343762439563e-01 6.434485058669177082e-01
6.779395852689251711e-01 5.052742330356512213e-01 4.933849130854380816e-01 4.581056356223573434e-01 4.762743115242238923e-01 7.350676383904373168e-01
7.004189087908296862e-01 5.345386092709565329e-01 5.422722615515745970e-01 4.868428867704411855e-01 4.926598157483301765e-01 7.316596123372894889e-01
6.490338493815129839e-01 4.151842016030817262e-01 3.847244194549754304e-01 3.456486700068477358e-01 4.037267930295451723e-01 6.595418168473042853e-01
6.815865130585062603e-01 4.600988441864079515e-01 4.444647157226607193e-01 3.303876226734703825e-01 3.443565437945642627e-01 6.155031863008552095e-01
6.656121209514754833e-01 4.511864890055283239e-01 4.102540934849874810e-01 3.327767869672658141e-01 3.566932324339914251e-01 6.346185687763090666e-01
6.977248773313868835e-01 4.860147692855710244e-01 4.347365381489063929e-01 2.975014764236200704e-01 3.293507898572894943e-01 6.143590334532895714e-01
6.399587113710456521e-01 4.239206126264309371e-01 3.556544411175935338e-01 3.717517787802495643e-01 4.075512892964806011e-01 6.810828273400608701e-01
6.438613565096950042e-01 4.180332580355202166e-01 3.939727197032292794e-01 4.405425773101925291e-01 4.869937375996565287e-01 7.186430052559878989e-01
6.798013463065589734e-01 4.626831960667661670e-01 4.598353744111458030e-01 4.073798387647806774e-01 4.283160971971389785e-01 6.608459718352368562e-01
6.598179877981361630e-01 4.653669080618239029e-01 4.408251244453355033e-01 4.269445534192617409e-01 4.290387945561477956e-01 6.860850167904006813e-01
6.763178128559956814e-01 4.625513564909515263e-01 4.658917392559751014e-01 4.564522866250089184e-01 4.801844880826700024e-01 6.968252833377041044e-01
6.305473893111406269e-01 3.616924055116030878e-01 3.482097494220097178e-01 4.233393280101747647e-01 4.384197592002063160e-01 6.620188406427933714e-01
6.452579079756530778e-01 3.829997162468634087e-01 3.556352092326845460e-01 4.005260736074234273e-01 4.219469422896580668e-01 6.500727348817429974e-01
6.719096543688674039e-01 4.118796626533085536e-01 3.793549137066778432e-01 3.703124178608497852e-01 3.997636224338222410e-01 6.311792513743560429e-01
6.334105678582229171e-01 3.664092152517278156e-01 3.688784506660008899e-01 4.594553964793062772e-01 4.686321704176366065e-01 6.778781457751131834e-01
6.578987410837988659e-01 4.037423339089937224e-01 3.969918336405019454e-01 4.270692927294843511e-01 4.332293146545136420e-01 6.536956846429630152e-01
6.458566268760563833e-01 3.992286822140442837e-01 3.624549079065726986e-01 4.356844737062400830e-01 4.515291435790090846e-01 6.753448600010418801e-01
7.013777079634014866e-01 4.475709723995323630e-01 4.434356852943646676e-01 4.311679464641399728e-01 4.516570498377587839e-01 6.495265506560123914e-01
7.046454751428326002e-01 4.734583773063736900e-01 4.302673430872703819e-01 4.079060678153693664e-01 4.260763094798105111e-01 6.506486463827723110e-01
6.419981613726276626e-01 3.230979116334886103e-01 3.085936406310865188e-01 4.715298608835961636e-01 5.113683808472492265e-01 6.808178895616021631e-01
6.709640046397183921e-01 3.565992044021202845e-01 3.256464272593631581e-01 4.385204165854117986e-01 4.938177893566553234e-01 6.658480802576464130e-01
6.960572501632997788e-01 3.861753847943721896e-01 3.432396842714486307e-01 4.149490396250579138e-01 4.787871063326668009e-01 6.543989980060322953e-01
6.188634421500430749e-01 2.989613451585826920e-01 3.072778551151944537e-01 5.082396753588763749e-01 5.228207613889052086e-01 6.932887676959097467e-01
6.438176000062627580e-01 3.294920592940535076e-01 3.234901300289801385e-01 4.768079783610663092e-01 4.993365050277474571e-01 6.721199571374725235e-01
6.660513728872596850e-01 3.567141895597790713e-01 3.407524926955539102e-01 4.542115872329881565e-01 4.812244790422700591e-01 6.581161025324336888e-01
6.934531633121001626e-01 4.013532235534075232e-01 3.295467348795445006e-01 4.174745333226011490e-01 4.621183837344616796e-01 6.541290656897907896e-01
6.291933548864917514e-01 3.320617016771775232e-01 3.510619829788582669e-01 5.278591582007601257e-01 5.274892688106134209e-01 6.995599243477764739e-01
6.791891261237354982e-01 4.000822390281058571e-01 3.495043918953276707e-01 4.636750160295238787e-01 4.876544753917140262e-01 6.729717726425136215e-01
6.434485058669177082e-01 3.423811343762439008e-01 3.754688201687810811e-01 5.518176680898481123e-01 5.585730728565551084e-01 7.096620716488597491e-01
7.036118768456424144e-01 4.293966185889131482e-01 4.168613167845171552e-01 4.814761758744477427e-01 4.938440684008481574e-01 6.697364001379327858e-01
7.412339246460750708e-01 4.849970149899959226e-01 4.494649595990755087e-01 4.812495497517813581e-01 5.026494568396363549e-01 6.787200870774829919e-01
6.742514311512322056e-01 4.276223655790792888e-01 4.121370156995735057e-01 5.550336718435178174e-01 5.502265821378258259e-01 7.208407001937310321e-01
6.967801787388718804e-01 4.483663553849824845e-01 4.242853399635388434e-01 5.260567127540631827e-01 5.271714888343583816e-01 7.005913910776937481e-01
7.050613329016668374e-01 4.695373249191964748e-01 4.758884416714835308e-01 5.691617873633444402e-01 5.522247317049427950e-01 7.153733194315760047e-01
7.473104532020672375e-01 5.273710937075162253e-01 5.238505175775891587e-01 5.782765796322442142e-01 5.597883419739665412e-01 7.203587509992702698e-01
7.151370861187228423e-01 3.821761283757217353e-01 3.475816099585615215e-01 4.948599965116984301e-01 5.364254043088590995e-01 6.801565847341942694e-01
6.395664475427433882e-01 3.047980634182762549e-01 3.233401283060830522e-01 5.715612078374125993e-01 5.762780485634886318e-01 7.125283209631133596e-01
7.243206978877778646e-01 3.996309541486551264e-01 3.304310526765339984e-01 4.749311678410461091e-01 5.312709756523608107e-01 6.814041632793608194e-01
6.803522027508779324e-01 3.450715342029775368e-01 3.593784572344006500e-01 5.625214564267969619e-01 5.813580851529587257e-01 7.033922703836159585e-01
7.124073899044057745e-01 3.798057976088271004e-01 3.653059230919448730e-01 5.303857416018670223e-01 5.700079036578988845e-01 6.946131385357402488e-01
7.362295872572178768e-01 4.558962322753603580e-01 4.277785891662888029e-01 5.654163956731899088e-01 5.806559969512499197e-01 7.178144020338230735e-01
6.965501173964607773e-01 4.355182539937452191e-01 4.713014178340313443e-01 6.576181210785665421e-01 6.350453210168922613e-01 7.569026245158195776e-01
8.125403282020228213e-01 5.766984812678717098e-01 5.625865915237127091e-01 6.412806214161014262e-01 6.362552358294201182e-01 7.611721656423511284e-01
7.066829612221571244e-01 3.561280300480748617e-01 3.638224655871353796e-01 6.105659352782588645e-01 6.257448345158547198e-01 7.282853189812840133e-01
7.003714999723473777e-01 3.547443774658661786e-01 3.564502823919227237e-01 6.117899367506179908e-01 6.275088304190626909e-01 7.308974141674132730e-01
7.345711094943060404e-01 3.886850788547406843e-01 3.532661621856155176e-01 5.756431820579055447e-01 6.147944229572942509e-01 7.238485899161765103e-01
6.842565662524737746e-01 3.421877090237708252e-01 3.503578786389801025e-01 6.313723762546757934e-01 6.384094947734494374e-01 7.405996208805828429e-01
7.789334322499508190e-01 4.375046175349520117e-01 3.333010591876910400e-01 5.327310892465407788e-01 6.067301943272361830e-01 7.254557459540310616e-01
7.088502415722389705e-01 3.721135809455272114e-01 3.439112859507696962e-01 6.083881554458743235e-01 6.266513259274463232e-01 7.336329813796342858e-01
7.717861281484857949e-01 4.366800272345662814e-01 3.768817010937990930e-01 5.626393688261863701e-01 6.189704164554096222e-01 7.310010171072689467e-01
8.131727196347432463e-01 5.084120150217649181e-01 4.252207542907101567e-01 5.856871644124980181e-01 6.427140068997493350e-01 7.567833210324539372e-01
8.326958859992045214e-01 5.596396438911630522e-01 5.131324949311600880e-01 6.545394597383138446e-01 6.809465147974050891e-01 7.850077389567433617e-01
7.878100825458236312e-01 5.468755429660738798e-01 5.675741644714077383e-01 7.520908184696313281e-01 7.262578096778001813e-01 8.137719460321041209e-01
8.293113137726125794e-01 5.980520961279067738e-01 6.115226702081109078e-01 7.635044374027508685e-01 7.389062063638430766e-01 8.254674784400772847e-01
7.067848198110688873e-01 3.532955796406770377e-01 4.167057988999327556e-01 7.307712582367394960e-01 7.228744560105768713e-01 7.854011887494063426e-01
7.865426218588139617e-01 4.399246334782738188e-01 3.785544573756524089e-01 6.496169135199100220e-01 6.929470772975769854e-01 7.747153445269000516e-01
7.668856233181924331e-01 4.314889617915522169e-01 4.161919131795350224e-01 6.871013221368510449e-01 7.083599039239383277e-01 7.826812628115721315e-01
7.443533446126048281e-01 4.200989040747542536e-01 4.629040224281645299e-01 7.402065093718497302e-01 7.336028258092290866e-01 7.968931214062295876e-01
7.946564301820920884e-01 4.631024137861461387e-01 4.534203020895182790e-01 6.912421211173624958e-01 7.156863579539036735e-01 7.888572099627320089e-01
8.108153512869910040e-01 4.842575490743319944e-01 4.296845322751405294e-01 6.699746009628707588e-01 7.115168283686280626e-01 7.922629520847004336e-01
7.845050165614649851e-01 4.733078148564225374e-01 4.871914155997438822e-01 7.316582796834847358e-01 7.356990986977399727e-01 8.029207776987660194e-01
8.350472425649803077e-01 5.128583461993365678e-01 4.786547936467007158e-01 6.847411594655832268e-01 7.246840313319194982e-01 8.016779402392623100e-01
7.504832214835922555e-01 4.479950000117484676e-01 4.894629322091231804e-01 7.667806121200650971e-01 7.528944395232161080e-01 8.145758555035345072e-01
7.937541505695207000e-01 5.050091546773269879e-01 5.158909428748346127e-01 7.592027642829446421e-01 7.544411192502488150e-01 8.205125819690004541e-01
8.431978612124793049e-01 5.570610303533656271e-01 5.549521298934864122e-01 7.541475897457098343e-01 7.615600657994283651e-01 8.293464535286569905e-01
9.131035549778108162e-01 6.733685682333462319e-01 6.714790767514473568e-01 8.330555554605288959e-01 8.229322030820395151e-01 8.860559168046385770e-01
6.103463776561653953e-01 5.029693957136336380e-01 4.543070466480633174e-01 2.950333177342646107e-01 3.449706720602016552e-01 6.501865287416547234e-01
6.899915714470853390e-01 5.990420529417082030e-01 6.348954080527497990e-01 4.689212400958620575e-01 4.514559411139821843e-01 6.581009178348382616e-01
5.662801594521905679e-01 3.609867161994613771e-01 3.454432061556464428e-01 2.809151350283108917e-01 3.161777449050637845e-01 5.544677019123669393e-01
6.756961584438641033e-01 3.859214073318987248e-01 4.052504482506870120e-01 7.096424672752845719e-01 6.949783848238636486e-01 7.286336645377953225e-01
7.733445947640442686e-01 5.168574469178659481e-01 5.043447096080020398e-01 7.257838675390009264e-01 7.285923328145114120e-01 7.650162131138990018e-01
7.941569401898175284e-01 6.043797751577254518e-01 6.557312715849672458e-01 8.656545073753270092e-01 8.114802355695928116e-01 8.313378853113675415e-01
6.433961338184412959e-01 6.521244618827662931e-01 6.671874770688882572e-01 3.482334598380917301e-01 3.045869303566020592e-01 5.936411694364862601e-01
6.571954950304235155e-01 6.578816411983844370e-01 6.306449186609647262e-01 3.468132310901996251e-01 3.745984456766692783e-01 6.621048782038136959e-01
5.360427477807939711e-01 4.806210703802512585e-01 4.795478124069463832e-01 2.656680619918977415e-01 2.388703870991281675e-01 5.274444697585798369e-01
5.740372911325273275e-01 5.202622754362901114e-01 5.571561974835056441e-01 3.586624451346025477e-01 3.196647183326387087e-01 5.359801836299226130e-01
4.799424598884270976e-01 3.328020958909909677e-01 3.319969482081956413e-01 3.492943467274296498e-01 3.594429881605120114e-01 5.325710183837385481e-01
5.167286882157005046e-01 3.693712870733071862e-01 4.105618616173530855e-01 3.809568412997653697e-01 3.791336533347801629e-01 5.185578694484861417e-01
4.971086236511642609e-01 2.591809967960648775e-01 2.686817731725383851e-01 2.798973975636089295e-01 3.244392273259192327e-01 4.586125933264892929e-01
4.623997330910958881e-01 2.807066971776362996e-01 2.826214255749307513e-01 3.653194300094089741e-01 3.379951394767395367e-01 5.000236239546986816e-01
5.224908490558924923e-01 3.199973574775908935e-01 3.259609859264100407e-01 2.960627233812808679e-01 3.150172551000897658e-01 4.602313663893836670e-01
5.139194698196194455e-01 3.496718265969264716e-01 3.344345518640171600e-01 3.514290165446700698e-01 3.378455814036986915e-01 4.914231417647970113e-01
5.017967509867280462e-01 2.252061300591992055e-01 2.277438467010906575e-01 3.602468024764838850e-01 3.823430105094721698e-01 4.839613076095011790e-01
5.519259076302998057e-01 2.746765524704063988e-01 2.359905734561013324e-01 4.483234548807554787e-01 4.751682667500800039e-01 5.367773263885725621e-01
5.675537905303807973e-01 3.108072539625776343e-01 3.223909783035595056e-01 5.948733817895417442e-01 5.787981929480748855e-01 6.029074371193327009e-01
6.482176478327228430e-01 3.147893482144438204e-01 2.720592199681632350e-01 5.869792459763535364e-01 6.397654066422223673e-01 6.392214150055117727e-01
6.873374452309851668e-01 3.644649043698958701e-01 2.824400483379155835e-01 5.759522856305735461e-01 6.514464270731207263e-01 6.557726758349641250e-01
7.032326063061008492e-01 4.196492345308947547e-01 3.762496552604512323e-01 6.275479911133079458e-01 6.747848692794440328e-01 6.761272170893105615e-01
6.558653289911414719e-01 4.551087717201606209e-01 5.108932671287038652e-01 7.660992151810013251e-01 7.172075452862847200e-01 7.044478943403480464e-01
7.396333574503500818e-01 4.889684522879327866e-01 4.815651268739513657e-01 6.863698052222638735e-01 7.104995012690957790e-01 7.066649985003001788e-01
5.959365029931222857e-01 6.398449571305810935e-01 5.547219723322746043e-01 2.083072150156753954e-01 3.071297211992220499e-01 6.252826418872484693e-01
5.810645457349058463e-01 6.280449119769327959e-01 5.883654027414606524e-01 2.435545355045994897e-01 2.947411631474787796e-01 5.869914504889042206e-01
5.727532760284168578e-01 6.235291898293952029e-01 6.338453996390346346e-01 2.862407628285531525e-01 2.813384846296242414e-01 5.400051469737746634e-01
5.730846408053057450e-01 6.248098780021869025e-01 6.123460417556026991e-01 2.749263664735917545e-01 2.736871076256555679e-01 5.526008470335636025e-01
5.709733237742552481e-01 6.250291344959522100e-01 6.484363983498803163e-01 3.043893215718914691e-01 2.641914470390167025e-01 5.169876325867447386e-01
5.826016818446326795e-01 6.348032003949550806e-01 5.805878380437999864e-01 2.590948070803713588e-01 2.733517618109559955e-01 5.881887083166613683e-01
5.696663425439894013e-01 6.289663059448352689e-01 6.694125695150782152e-01 3.303908604207343447e-01 2.400923454987585193e-01 4.944907907939842806e-01
6.016239011501338663e-01 6.466499854585727736e-01 5.710012364449661426e-01 2.596764303401700169e-01 3.277593935135855729e-01 6.259600514260653670e-01
5.947239490317678401e-01 6.436267494519871679e-01 6.537067743579280110e-01 3.501010626577008011e-01 3.498111666372233364e-01 5.749546359432812226e-01
6.204535261743056029e-01 6.676693360050555137e-01 6.262420186326097538e-01 3.679710970412841120e-01 3.897368301648112543e-01 6.411786619660166942e-01
6.080040236140633603e-01 6.591373509043547685e-01 6.734569069422181586e-01 3.972180732367412981e-01 3.780132035040881244e-01 5.909476514794804736e-01
6.100387713763580910e-01 6.627205388537629194e-01 6.585601875507487435e-01 3.944612874054718721e-01 3.735352012515757991e-01 6.073673217945295688e-01
6.246178036820861923e-01 6.756747861452675474e-01 7.177196505473804056e-01 4.514261264478166558e-01 4.202306029167663937e-01 5.938642964585392203e-01
6.415528782660701035e-01 6.953815466356516595e-01 7.317105146114265546e-01 4.962378569981441001e-01 4.523644531697988413e-01 6.278379454216094224e-01
6.729350547119344883e-01 7.208348276402107846e-01 7.150243840524287409e-01 5.183276883885146180e-01 5.098333336301577035e-01 7.029268724618434883e-01
4.508207040336386640e-01 4.502590504155587481e-01 4.293096854750356739e-01 1.787113559659367357e-01 1.749381528710061695e-01 4.517905064879786936e-01
4.548657698597513011e-01 4.516027194384392707e-01 4.748804392204364344e-01 2.064810058401294612e-01 1.434313844080926936e-01 4.112541237869685729e-01
4.062751086446033111e-01 3.678765659361972751e-01 3.024867710422765033e-01 1.687710804426219846e-01 2.287068536699404242e-01 4.625079246051230775e-01
4.179883220739215033e-01 3.588969514363757884e-01 3.634068284100210322e-01 1.523072097810987402e-01 2.140158875802989080e-01 4.072793765880000638e-01
4.011068245390647102e-01 3.717253077228799274e-01 3.217115952449396965e-01 2.101639350628554670e-01 1.964628974079233037e-01 4.462520298543825592e-01
4.112779079469165433e-01 4.051804596387373336e-01 3.429351339071185500e-01 1.965518333901456749e-01 1.487153436254811667e-01 4.377299357927007528e-01
4.133520647595569919e-01 3.929443187685764949e-01 3.819647347167607343e-01 1.850978288938812943e-01 1.237852592748529129e-01 3.971342530611284283e-01
4.257074235935241480e-01 3.922517563964210141e-01 4.120202731860478362e-01 1.779487692788317699e-01 1.169862466014311986e-01 3.677968725460518673e-01
4.177121547250495226e-01 3.755666789534539696e-01 3.486645235372362595e-01 2.255632389546035621e-01 2.584630173794832952e-01 4.548872553108190830e-01
3.871781467471337446e-01 3.272025744215912857e-01 2.612908198929682069e-01 2.308172160516182292e-01 2.012274375927688985e-01 4.074296027286013477e-01
4.183943030884286762e-01 3.231510969152538992e-01 3.172292557514548306e-01 1.786839951164961859e-01 1.926001998041866059e-01 3.565473763093700010e-01
3.968121816400169699e-01 2.903335514022197805e-01 3.064013431774040841e-01 2.680442502688676343e-01 2.899756434234896929e-01 4.108008192544029824e-01
3.847545687579854157e-01 2.961700942534818415e-01 3.094132565453199257e-01 2.986900816586554042e-01 2.711304119285588565e-01 4.152215878012263661e-01
4.328368366643853271e-01 3.194423962096487601e-01 3.762209671471866690e-01 3.116027308804470985e-01 3.289913413932953334e-01 4.084456557210006111e-01
3.475744631624773651e-01 1.974469671586284170e-01 1.693154863364288165e-01 3.329792128507170768e-01 3.271786763247651608e-01 4.301205087867088217e-01
3.797471027475666783e-01 2.288831208413582563e-01 2.358616493073106279e-01 2.941776493407589621e-01 2.779856684244476073e-01 3.849100933411385150e-01
3.857454546083610158e-01 2.478711020709275792e-01 2.147101168740849220e-01 2.839878779659320562e-01 2.746786606007267650e-01 3.897134253366267842e-01
4.124292214127931455e-01 3.273461065614017285e-01 3.142551208854136302e-01 3.694632261841011567e-01 3.171040436440525356e-01 4.271454595396876885e-01
3.611451141874291171e-01 1.175961629240312029e-01 1.774364781350566134e-01 4.198595313217247105e-01 3.932988328571548342e-01 4.299113038909110340e-01
3.894347589699563295e-01 1.207590317590558904e-01 1.825743285724821807e-01 3.892524609619208431e-01 3.920383750190751804e-01 4.157437943340301367e-01
4.522837140175807735e-01 2.077200076126516637e-01 1.979702386501261957e-01 3.112251749613683116e-01 3.709223840817769124e-01 4.024103917438758837e-01
4.625079246051230775e-01 2.287068536699403964e-01 1.687710804426219013e-01 3.024867710422766698e-01 3.678765659361972196e-01 4.062751086446033111e-01
3.892896580080321689e-01 2.161936556397629494e-01 1.503795877403683590e-01 3.900754840037474747e-01 3.632463987656059379e-01 4.307578322092621148e-01
4.112541237869685729e-01 1.434313844080926381e-01 2.064810058401295445e-01 4.748804392204366565e-01 4.516027194384392152e-01 4.548657698597513566e-01
4.103403876038095865e-01 1.655683758487074830e-01 1.906213764511961173e-01 4.718387824618750503e-01 4.495310792337305905e-01 4.579054800581248696e-01
4.498172703596830524e-01 2.038788079503165429e-01 1.512336153099802238e-01 4.393885385443450087e-01 4.460438912672470280e-01 4.563939814052229704e-01
4.353122954772460917e-01 1.756325840489544321e-01 2.607934524818795730e-01 5.825863533990861542e-01 5.416832561141255997e-01 5.115432466905868170e-01
5.004676843893564042e-01 2.316709595821072054e-01 2.768660282784372040e-01 5.507647801373152241e-01 5.497616549575661260e-01 5.166628436143476666e-01
5.412829736235732492e-01 3.383405747046274725e-01 3.552301567097206902e-01 5.892288557992518827e-01 5.753928439929177907e-01 5.473506027787102823e-01
5.817607965205114917e-01 3.823089183835248761e-01 4.061275105926046569e-01 6.023305815020731924e-01 5.969430650066345212e-01 5.657297955446149995e-01
5.789478243812946623e-01 2.702692367808753882e-01 2.655801016736893949e-01 5.885810812665662750e-01 6.321730473781612680e-01 5.793578856882962702e-01
5.082603233052688241e-01 2.620830123672631684e-01 3.117822594809401271e-01 6.576406764071013322e-01 6.261772033016342887e-01 5.715735729259519005e-01
5.436162758041046539e-01 2.711639780803362654e-01 2.822586428364785571e-01 6.212345991385540556e-01 6.242070375905396373e-01 5.718820047491077752e-01
5.781176060322991139e-01 2.867863428251264946e-01 2.517345914338291468e-01 5.911706320718141949e-01 6.274738408124022060e-01 5.787407543687259626e-01
6.080845073646599097e-01 3.014508474074452660e-01 2.236308847209574624e-01 5.706331560491576527e-01 6.332952343551068175e-01 5.886533415508424794e-01
5.231381778687024253e-01 2.771647990722338473e-01 3.015056650128673521e-01 6.521147327572388575e-01 6.248962841499474674e-01 5.732537989530255285e-01
5.522070735261922492e-01 3.222978089617638542e-01 3.763430044369560079e-01 6.722101710589278856e-01 6.471505310676944900e-01 5.906958515476317118e-01
6.176397260017263413e-01 3.917957979409080194e-01 3.748109417022948975e-01 6.485884168116921034e-01 6.594807593317573158e-01 6.131988376511122718e-01
6.201252485818650184e-01 4.509679311491066045e-01 5.003927118955256992e-01 7.393127059981647875e-01 6.955789479569418621e-01 6.411033292814212192e-01
5.171874421334275995e-01 6.256369188379780066e-01 6.274217142430761340e-01 3.048341357353576697e-01 2.624382502729850075e-01 4.869048886051985381e-01
5.502794919234564874e-01 6.561713011670026185e-01 7.186142178543470926e-01 4.429504499591012667e-01 3.759015554571877860e-01 4.998942156629857525e-01
5.705912769679714058e-01 6.732566319842206992e-01 6.486131196959877832e-01 3.958489139331506368e-01 3.703915839266986310e-01 5.784874398190519296e-01
6.120012480835979041e-01 7.103327722849720471e-01 7.820175335414006890e-01 5.609279212759401556e-01 5.073183496382539515e-01 5.933043844709198211e-01
3.947665750488074110e-01 4.464365342501314116e-01 4.417164944010168459e-01 1.544169206538263117e-01 2.128406818248345655e-01 3.978575607842326778e-01
4.067490550529834770e-01 4.796419997713756711e-01 4.242752964540658089e-01 2.299342219348723682e-01 2.319538339561828255e-01 4.418348135435119506e-01
3.959034120424640979e-01 4.557669181480447085e-01 4.890112980191096970e-01 2.598027353101859394e-01 2.314323300582968035e-01 3.669684632943842617e-01
3.438879449502658114e-01 3.779351461541581858e-01 3.196482126835930582e-01 1.582800386770884249e-01 2.161154819888841117e-01 3.963396026359997104e-01
3.598569560190682526e-01 3.531938931149921079e-01 3.871883887275406888e-01 1.551828541568733011e-01 2.387949990779127118e-01 3.389030766629440583e-01
3.572977301717225052e-01 3.661326045561592579e-01 4.143962086021861779e-01 2.440710631954398357e-01 2.698497285876564900e-01 3.330409766164644236e-01
2.986740091340715497e-01 2.759879073045595765e-01 3.109011907445834444e-01 2.591003174367702000e-01 2.326097693230643193e-01 2.934991641272299834e-01
3.311041730034109398e-01 2.766983194971879279e-01 3.085175816980179619e-01 3.256897510711688204e-01 2.952052156301651076e-01 3.052661367512798374e-01
3.393473887869553618e-01 1.899809492461592142e-01 2.055102143632537848e-01 3.562337981351287874e-01 3.654915517593488872e-01 3.285721209605427240e-01
3.389030766629440583e-01 2.387949990779127674e-01 1.551828541568733288e-01 3.871883887275407998e-01 3.531938931149920524e-01 3.598569560190682526e-01
3.072536213835950214e-01 2.535976187799684478e-01 2.655274189155907849e-01 4.372495664177128427e-01 3.695184634465808471e-01 3.602920281875383601e-01
4.173761288414609694e-01 2.071961620181441421e-01 2.593187102851364778e-01 4.510741492043281453e-01 4.762986560928975099e-01 3.992384403501162971e-01
4.304207243510428937e-01 3.842606086278064215e-01 4.184874084344899492e-01 5.900930740441191480e-01 5.078865637680218814e-01 4.572338795999887351e-01
4.570586385631363879e-01 3.581780303086367634e-01 3.835879644809821465e-01 6.278369621916251031e-01 5.685463867908558955e-01 4.900305528148534706e-01
5.266384306144935579e-01 2.853722326549309463e-01 2.592708215454583298e-01 6.025163486854081540e-01 6.290198628111912660e-01 5.317128529325392261e-01
5.732915324933205437e-01 3.365236162825337440e-01 3.366268557203882517e-01 6.127025847272746795e-01 6.640025619272549307e-01 5.627131078190436009e-01
5.068309602893776855e-01 6.575677944600343272e-01 6.025288817533251962e-01 2.789708492054076006e-01 2.970277507291663732e-01 5.027827627027656732e-01
4.877165527816758606e-01 6.400706397880614462e-01 6.307319855825200827e-01 3.112722328949137363e-01 3.092618694417872405e-01 4.702074698486289894e-01
4.730846868548653772e-01 6.270732580532988321e-01 6.708518885562870793e-01 3.547352857392824244e-01 3.253788788619262906e-01 4.290058636948906878e-01
4.986235546534217300e-01 6.549930108384171001e-01 6.073343333362311025e-01 2.948349766845229092e-01 2.951920854953186124e-01 4.904658463242444477e-01
5.098721563511772192e-01 6.557333001374829884e-01 6.087851604796292726e-01 2.819668348955562398e-01 2.874735640425912786e-01 4.909338717631261395e-01
4.933108715954505619e-01 6.405165354169898295e-01 6.379173306923926479e-01 3.154525713825655497e-01 3.006073107269089939e-01 4.577453018657420825e-01
5.092457744343981130e-01 6.540072241913504891e-01 6.241932199682900251e-01 2.961848011941324299e-01 2.817423791813913891e-01 4.658271178909192400e-01
4.965560037177423336e-01 6.429586935492968003e-01 6.553020343145514737e-01 3.308266831681079267e-01 2.958533567700890599e-01 4.316556395803032298e-01
5.326907089741078627e-01 6.756677233831220875e-01 6.054304997880571859e-01 2.691667094224499124e-01 2.592112607771183130e-01 4.820683799066527997e-01
5.126957292180411851e-01 6.584200741842336502e-01 6.417784358152720525e-01 3.106846806083001233e-01 2.772895322251862082e-01 4.390189191225848386e-01
5.037129128044102178e-01 6.516169584362662137e-01 6.746175753162267918e-01 3.460471503936922155e-01 2.921463655902060697e-01 4.040363599417298723e-01
4.778932916612013138e-01 6.342371886864216490e-01 6.838152651458144771e-01 3.864035244682335057e-01 3.619772898665338245e-01 4.439660940814078027e-01
4.751144766525416396e-01 6.399083550754157690e-01 6.881811702366419370e-01 4.017571407634975000e-01 3.291103559799326006e-01 4.285104901763810425e-01
5.158999964283093043e-01 6.648805005605481488e-01 6.449129906493804576e-01 3.670525187808063028e-01 3.752893602961757114e-01 5.184134377263912574e-01
3.871111997446343156e-01 5.379388161005248525e-01 5.975280299982979049e-01 3.198664943814156780e-01 2.730869928103703548e-01 3.281677367152111557e-01
4.167238051556713119e-01 5.725222098058384557e-01 5.650066581373772712e-01 3.214091322017888497e-01 2.656017099812626459e-01 4.071074860466705747e-01
4.542727459498800968e-01 5.970020508522831948e-01 5.937075136688443333e-01 3.877182130060615184e-01 3.678199374846602421e-01 4.684699556015601285e-01
3.741196658274711928e-01 5.036260235055138867e-01 5.497632912253720416e-01 3.957317978976857553e-01 3.585484952131215430e-01 3.823834675975442132e-01
2.807884727291374838e-01 4.178131304605355867e-01 4.041604117905737703e-01 3.097404551954425767e-01 2.562759155229039076e-01 3.135512546474411577e-01
2.837752893644757690e-01 3.782757964745423473e-01 4.651549720576559355e-01 3.217895080204717373e-01 3.018558753102543735e-01 2.385870767327997466e-01
2.837012426030977030e-01 2.610130046026839512e-01 2.202411292759712813e-01 3.945915676649209836e-01 3.769153322018855556e-01 2.811924359180243416e-01
3.091141154615125175e-01 2.386031920181319599e-01 2.166418411023437185e-01 3.701574620559918705e-01 3.964910708484051804e-01 2.812265108764411270e-01
2.834327773247251048e-01 2.496945717585960789e-01 2.397174912343918163e-01 3.830459628912202819e-01 3.861306217334665725e-01 2.642863361976360848e-01
2.708869226648731865e-01 2.857460092236410731e-01 3.084016240060856173e-01 4.334519139360362705e-01 3.878309714441549594e-01 2.757296104325261954e-01
3.255010089781192328e-01 2.674932795437108268e-01 2.972558491786339019e-01 3.928285857084810595e-01 4.181195233313530490e-01 2.841636215613589922e-01
3.534600989144963124e-01 2.184491253092705754e-01 2.258562950274059511e-01 4.433561431634825412e-01 4.849876560228371658e-01 3.390871540155667163e-01
4.216175893078802916e-01 2.640329786569803883e-01 2.268222497484595201e-01 4.369991092678146005e-01 5.135520191400149148e-01 3.816770444124981121e-01
3.890578034649588290e-01 3.547930972121255966e-01 3.933478625513521232e-01 5.440583260531839382e-01 5.071831764975185397e-01 3.757518672573281759e-01
4.168039961621001765e-01 3.415838282998715503e-01 3.871161865227590315e-01 5.241615266379652249e-01 5.251002428050985937e-01 3.867154208549768435e-01
3.384314894436326604e-01 2.383853894256280082e-01 2.727145729132356422e-01 5.800216253676038214e-01 5.681633825967045137e-01 4.367059036521594440e-01
3.726873195698278685e-01 2.158520874915506871e-01 2.410761685372047880e-01 5.489146039376631148e-01 5.774195430146714658e-01 4.436550464219524148e-01
3.905399265280521948e-01 2.384756926752703288e-01 2.456010786175551741e-01 5.452345762130627049e-01 5.603672158688608462e-01 4.250622979144634828e-01
3.645219711024814679e-01 2.764687274144220774e-01 2.876988474208584390e-01 5.720988109132346677e-01 5.416976094963371624e-01 3.938631442874339639e-01
4.395035959729107766e-01 3.202706117798607144e-01 3.471036656458357794e-01 5.735753044944260637e-01 5.833456389424002131e-01 4.352223642685342231e-01
4.129694793474085746e-01 3.466719432399795187e-01 3.591405987689075818e-01 5.987730519827412223e-01 5.652302422799071469e-01 4.228925758458605966e-01
4.820683799066529107e-01 2.592112607771184796e-01 2.691667094224501344e-01 6.054304997880574080e-01 6.756677233831220875e-01 5.326907089741079737e-01
4.316556395803033408e-01 2.958533567700891709e-01 3.308266831681082598e-01 6.553020343145518067e-01 6.429586935492969113e-01 4.965560037177424446e-01
4.909338717631261950e-01 2.874735640425914451e-01 2.819668348955565174e-01 6.087851604796293836e-01 6.557333001374829884e-01 5.098721563511773303e-01
4.454990384400626113e-01 3.188517591497692094e-01 3.370681924933434104e-01 6.542618086254349263e-01 6.310242402487591384e-01 4.776129114641609608e-01
4.182716764460157610e-01 3.430245799901077697e-01 4.072428352314880207e-01 6.973223413961309181e-01 6.356553737726344799e-01 4.727241825956646770e-01
5.488880236076986163e-01 3.657320757918390286e-01 3.430694190974168389e-01 6.194190540039357096e-01 6.840960090084093892e-01 5.372257371543156523e-01
4.567288130096728849e-01 6.676860272346738512e-01 6.611751704044389610e-01 3.785760961421618109e-01 3.543808293081431859e-01 4.349411704202499895e-01
4.361499099000378243e-01 6.508949923881792721e-01 6.895636145432636477e-01 4.097117262157540796e-01 3.746495810567758711e-01 4.033331082220462660e-01
4.873890549616488044e-01 6.958629825173514583e-01 6.370666405854426007e-01 3.533730247121785739e-01 3.231274426828829593e-01 4.668175047532280297e-01
4.646704594310372971e-01 6.684879128996639164e-01 6.791695809175432030e-01 4.036058763469902444e-01 3.983837013461971055e-01 4.553721000974812472e-01
5.232807152212423096e-01 7.121127190192499956e-01 6.345621169020118080e-01 3.414496876619481647e-01 3.480190580248855303e-01 5.060137710473195938e-01
4.733276880733520708e-01 6.655558912876976541e-01 6.981103488789826006e-01 4.140990639369478421e-01 3.928195611925015540e-01 4.313976110756471138e-01
5.341077432324234930e-01 7.196273593060034113e-01 6.362627222799658311e-01 3.379494801121545322e-01 3.305657482024750848e-01 4.942684039302632781e-01
5.353689814839436290e-01 7.212786007055675963e-01 6.448590324923968442e-01 3.680128353326302948e-01 3.985656296202242377e-01 5.405809947067453658e-01
5.099961475349771289e-01 6.972465740728860384e-01 6.662656632537382606e-01 3.924754546202535166e-01 4.153222603401084956e-01 5.149322254882584549e-01
4.894842379926999665e-01 6.782589176315201307e-01 6.922880421072811208e-01 4.210779060987092648e-01 4.322080099929733188e-01 4.888371563355147775e-01
5.166921027130424449e-01 7.136012271589999845e-01 6.564536916588733506e-01 3.998034741048495100e-01 3.974319024933142264e-01 5.161699017655954069e-01
4.675710345772422505e-01 6.767985257776855113e-01 7.122072921534913226e-01 4.626433341713891423e-01 4.141169861468795288e-01 4.467699905220650081e-01
4.806480341379039123e-01 6.818207622566585524e-01 7.344319870145270546e-01 4.959722579051999980e-01 4.663529979914056156e-01 4.718907711764812052e-01
3.832107369375541417e-01 5.925748782065237696e-01 5.706580441779568469e-01 3.168948260017486196e-01 3.095509710778341361e-01 3.760309393741022577e-01
4.247861348121439451e-01 6.271415714893652238e-01 5.608210795737866849e-01 3.225605339990449405e-01 3.240137850688348253e-01 4.311728231494968422e-01
4.427981061707149113e-01 6.433870165187876022e-01 6.188329569970657529e-01 4.333174240241110531e-01 3.930796708223287528e-01 4.539032004061640535e-01
3.001087377808663859e-01 5.121920307461089727e-01 5.293971425282498755e-01 3.578852945975102284e-01 3.251098430070189504e-01 2.987603125814835003e-01
3.450688612694592372e-01 5.306862597059883724e-01 5.025115233702954765e-01 3.036127201885556182e-01 3.095271197200788471e-01 3.446080425276457082e-01
3.743076022726866126e-01 5.532708986938928986e-01 5.015396390013637795e-01 2.944783930258377813e-01 2.727571845954561147e-01 3.244619790752482635e-01
2.147714394099074220e-01 4.023597981895783438e-01 4.557796896082947358e-01 3.142882959006376153e-01 3.449536115571888439e-01 2.228550746445328301e-01
2.243407167989534268e-01 4.484939322513694648e-01 4.230538170150415223e-01 3.157517478095789865e-01 2.880000844687717887e-01 2.490074958310713182e-01
2.823266319162755500e-01 4.432954362722484332e-01 4.475974920730388384e-01 3.115987317989440397e-01 3.308436574911015615e-01 2.753923895808829680e-01
3.030770356924057940e-01 4.849052421191323292e-01 4.255654799246451070e-01 3.067536250316891255e-01 2.846217575625656915e-01 3.019413597827994011e-01
2.917171135704933471e-01 4.309750335007598299e-01 4.717271689557582803e-01 3.227443918899850495e-01 3.526726022165216912e-01 2.473647280914725299e-01
1.750321380569024865e-01 3.572091275282645584e-01 3.683470976850481970e-01 3.260431779282908504e-01 3.470989901518468090e-01 2.237434791454686600e-01
2.427054092814776853e-01 4.247020125130829271e-01 3.691985423406883848e-01 3.511418795444736785e-01 3.291677072457606101e-01 2.904171367885892141e-01
2.925300565287426990e-01 4.013969136462554044e-01 3.999787902530737016e-01 3.294089145429586751e-01 3.539541325226576163e-01 2.082735063303829126e-01
2.159893986067839000e-01 3.478783337079822124e-01 3.294485386959262185e-01 3.942498737607000869e-01 4.003557390676397709e-01 2.849749951192551145e-01
2.522011075066101782e-01 3.682195895543574626e-01 3.341922706088996109e-01 3.884788743262475585e-01 3.726554948860708594e-01 2.497219459081547743e-01
2.585585903058605917e-01 2.717657245218593753e-01 3.006969106762393817e-01 4.366734665501026957e-01 4.938063235049448552e-01 3.274412127483619095e-01
2.859011444578430927e-01 2.807143215178274920e-01 3.040290364702580295e-01 4.296421235421207241e-01 4.838020840811807499e-01 3.090991652026378600e-01
2.532301737464845992e-01 3.565411983271783436e-01 3.236521739860722668e-01 4.709852552347893462e-01 4.271212828354536417e-01 2.863681293356991620e-01
2.902569302882772040e-01 3.098171722860859068e-01 3.072734613813979943e-01 4.343984625027612623e-01 4.616357257457697760e-01 2.884028192186144368e-01
3.174829641690997684e-01 2.906941809449617997e-01 3.103615739845089205e-01 4.223143402637971611e-01 4.880658037246067837e-01 2.986002066515570652e-01
3.204917102731511536e-01 3.106863221237091688e-01 3.695220906164489172e-01 6.092330877314494630e-01 5.750386895648611496e-01 3.551742934045611366e-01
3.627685054346835858e-01 3.173124702313011580e-01 3.249451230004480884e-01 5.818427419843513748e-01 5.827432924634575739e-01 3.768774205056465432e-01
3.920771368822083547e-01 2.926372629936123682e-01 3.017595839799467328e-01 5.589930237400394519e-01 6.059798840907202333e-01 3.996531602422973561e-01
3.437274090577293606e-01 3.167434198119507549e-01 3.449880523031249591e-01 5.899689939519173754e-01 5.792203005094747059e-01 3.645059047714652722e-01
3.899793082682397327e-01 2.791899789797622211e-01 3.147990013946057042e-01 5.576487407940232677e-01 6.148884455823990791e-01 4.011951598679064368e-01
3.622216537269886683e-01 3.836141132597101211e-01 3.813227882396187929e-01 6.257312420610088299e-01 5.709497797709727207e-01 3.735172747165125262e-01
4.021959648488688255e-01 4.305150106822729916e-01 4.652917959846963325e-01 6.603288882521460845e-01 6.030428750960883377e-01 4.034004360132155131e-01
4.432592673366700375e-01 3.297436055828198986e-01 3.514626114181927941e-01 6.504600144246747151e-01 6.842647337427135712e-01 4.868249920959676347e-01
4.442742481767637530e-01 3.271622724203543942e-01 3.800882265508072066e-01 6.571118416866144063e-01 6.832306576593014658e-01 4.695926710633764323e-01
4.438244779558925268e-01 3.390015693681975306e-01 3.721590140174934613e-01 6.533732127109945775e-01 6.778075899988670328e-01 4.666272482307628477e-01
4.871354541929868165e-01 3.357687093125520938e-01 3.441504385428201251e-01 6.412940174626942103e-01 7.136267764185567630e-01 5.277168196844068682e-01
4.387393102797917388e-01 3.879945025812689963e-01 4.058253419140370744e-01 6.906115070105566245e-01 6.687373982102620129e-01 4.769858270148718549e-01
4.109746365092558085e-01 4.120926663468387763e-01 4.467386619635111966e-01 7.150194671332071872e-01 6.531998633585922587e-01 4.416693661304348373e-01
4.888371563355148885e-01 4.322080099929733743e-01 4.210779060987094868e-01 6.922880421072812318e-01 6.782589176315201307e-01 4.894842379927000775e-01
5.213998030459947586e-01 4.111096947495165299e-01 3.859218000018371231e-01 6.604471745865189147e-01 7.028137559535091450e-01 5.159239099194782296e-01
4.886535165097912747e-01 4.145830503995995286e-01 4.224450687616888023e-01 6.783943006242059148e-01 6.907501755630941487e-01 4.908396823618039195e-01
4.516091788143211105e-01 7.097553971076796531e-01 7.039302373793763223e-01 4.509673311330142376e-01 4.080779478365375024e-01 4.229565435514012206e-01
4.628061165857833004e-01 7.101347019151035278e-01 6.985458315276252828e-01 4.335491472183633510e-01 4.098439147161997975e-01 4.308706832183925584e-01
4.944287908795155784e-01 7.372322630080159200e-01 6.787123833559837172e-01 4.069812569523033052e-01 3.803336896083110985e-01 4.542090052431437819e-01
4.594104354475882501e-01 6.980871331567355398e-01 7.533505355586663788e-01 5.111086707590015710e-01 5.059678693695434104e-01 4.602584105001258918e-01
4.680829251513484168e-01 7.154871654780620149e-01 7.331477473876365503e-01 5.014655384689814532e-01 4.801841571728004410e-01 4.631834233215258445e-01
4.925202056131966488e-01 7.207151157051123747e-01 7.261211417719031225e-01 4.758964233684419565e-01 4.727678923884176543e-01 4.781922996140547943e-01
4.860427372875923968e-01 7.297491197343549674e-01 7.947537282700541938e-01 5.939355344769078338e-01 5.475053395217647223e-01 4.888542701859044937e-01
3.581730187790942432e-01 6.143361530911428670e-01 6.403347158013718010e-01 4.144636018540525657e-01 3.974831141377913601e-01 3.340045768783629909e-01
3.525392132069719575e-01 6.132558111474617490e-01 7.018064075310288530e-01 5.124316354509030891e-01 4.753336152439729956e-01 3.454973098471740833e-01
2.449735487965356007e-01 5.260562464714103603e-01 5.865347155562289361e-01 4.221941888360802309e-01 3.979612527495660634e-01 2.307867681996330078e-01
3.302566240294290134e-01 5.960053587540427023e-01 5.370776064696757279e-01 3.635544052683761240e-01 3.211214836332182410e-01 3.094889235686400508e-01
3.032648199904730557e-01 5.876833197632669314e-01 5.586926588151613915e-01 4.018403249648261899e-01 3.185378408890182089e-01 2.751829546051208220e-01
2.591969791974410575e-01 5.441488614121454681e-01 5.786859665498509386e-01 4.176725836513737189e-01 3.680124429599622715e-01 2.375212610787605372e-01
3.484308699969541068e-01 6.064319869805288032e-01 5.396653042563195335e-01 3.595893856842407588e-01 3.002941769845825504e-01 2.886807986233168033e-01
3.365575928152466090e-01 5.530647111914362979e-01 6.045138337768602987e-01 4.364473236967872372e-01 4.560671359534504976e-01 3.366582605753935531e-01
4.245417051973853773e-01 6.469379545717820479e-01 5.644985903674164529e-01 3.881663765822184198e-01 3.418402221117090578e-01 3.453971503549920774e-01
2.925476069837899540e-01 5.133115253208839768e-01 5.156800477183309805e-01 4.136394977898528169e-01 4.350175834344413572e-01 3.234531803593873045e-01
1.619090653473969077e-01 4.021426390694729514e-01 4.480470648456231220e-01 4.034598465960710367e-01 4.265785183369869560e-01 1.872658887307077080e-01
2.068797952359598957e-01 4.564926389051472966e-01 4.391617713873874340e-01 3.985150462317605391e-01 3.689544491618209632e-01 1.541496539904024243e-01
2.107400843909343902e-01 3.643382148268352050e-01 4.117340918070769296e-01 4.338968186288695850e-01 4.740028699886828512e-01 1.837130752062547112e-01
3.095538567706991873e-01 4.705742368892932848e-01 4.343425620072694504e-01 4.654110919834845150e-01 4.484372678123035305e-01 2.496795956443144671e-01
2.307972150701866065e-01 3.142667645250014075e-01 3.743465738717003388e-01 4.811433829251873240e-01 5.360643282609499627e-01 2.650747654414459253e-01
1.504384166403321954e-01 4.220200427256440290e-01 4.347871214692519137e-01 5.381488484322481947e-01 4.413455139016509987e-01 1.523220102136673137e-01
2.018060195264119450e-01 3.294579800652655543e-01 4.156111685994406391e-01 5.025265023363436612e-01 5.197385088096284633e-01 2.165449166511098644e-01
1.794633168850569560e-01 4.313039252338515817e-01 4.220235888581833628e-01 5.270611668022372465e-01 4.415986704054945533e-01 1.575347693685104911e-01
2.942249255279708597e-01 3.504587437627774693e-01 4.011140878173117263e-01 5.092977431767040652e-01 5.838293008029283859e-01 3.631927989648478516e-01
2.826675067238288430e-01 3.089558271029240188e-01 3.612368054827140851e-01 5.421367656442893646e-01 5.988177029516110750e-01 3.413939608967250794e-01
2.570416856188743604e-01 3.905311053426615553e-01 3.948407954227379224e-01 5.737552963094819658e-01 5.340647368164993525e-01 2.751591666860644936e-01
4.098728418482432412e-01 4.414503482741869433e-01 4.376243718623278323e-01 6.520576755707812033e-01 6.455366871218231051e-01 4.182497051267302646e-01
4.150004200104736585e-01 4.117781063666893782e-01 4.555029138490921947e-01 6.423316033911030676e-01 6.752364719784763603e-01 4.217607914577617412e-01
4.308706832183925584e-01 4.098439147161999641e-01 4.335491472183635731e-01 6.985458315276255048e-01 7.101347019151035278e-01 4.628061165857834114e-01
4.564428140998485484e-01 3.831883887911735620e-01 4.075629314624996669e-01 6.784066740043377397e-01 7.359527280243457481e-01 4.924501911839079260e-01
4.442157968046950844e-01 4.596309653836360143e-01 4.726766572425346591e-01 7.205367107597520082e-01 7.029574885719057642e-01 4.522500826577278144e-01
5.065248184108244178e-01 4.438899359286200830e-01 4.434945739560951505e-01 6.996252882020881358e-01 7.504369146743171681e-01 5.249261947750494262e-01
4.868733361852957686e-01 5.028513476209479638e-01 5.337104976257081024e-01 7.501663947240296837e-01 7.312562564996774039e-01 4.880463833382557293e-01
4.223830167821960302e-01 7.194201331638526709e-01 7.848589776540466634e-01 5.570634276693054998e-01 5.296595363094523945e-01 4.097099382579827975e-01
4.136843866870565933e-01 7.213609281120459960e-01 7.933598922447979707e-01 5.729852074576879950e-01 5.192147490150491596e-01 3.921738235012585116e-01
4.545983738476898073e-01 7.410028417858822714e-01 7.661654469760588171e-01 5.308044572613966894e-01 5.013337360144126675e-01 4.197089697529027830e-01
4.874812915914210065e-01 7.678802831797608697e-01 7.456098243101588752e-01 5.029329358844333298e-01 4.703026172751503808e-01 4.384006825845613853e-01
4.897769253731810712e-01 7.728142062462086681e-01 7.507682362017565891e-01 5.236930122937279997e-01 5.030746327338720958e-01 4.715928165116343163e-01
4.359088489992972715e-01 7.299157874159462045e-01 7.885240562272211040e-01 5.699539165873509505e-01 5.494101742567821800e-01 4.368706199416624303e-01
5.074672069785346462e-01 7.839758046930724866e-01 7.435400001965386529e-01 5.076316907143578749e-01 4.910782952434323834e-01 4.838295975638984836e-01
4.913279666524510425e-01 7.769034235114764542e-01 7.533199264961716324e-01 5.300988329468756532e-01 4.930766421189513582e-01 4.648834723763767829e-01
4.620619087757438237e-01 7.402131004163206018e-01 7.925407092020507749e-01 5.626920487657925962e-01 5.342320106884427267e-01 4.237233860097676663e-01
4.892163268268427401e-01 7.757513059857688020e-01 7.807074725933966786e-01 5.735641362509478203e-01 5.222429045273040416e-01 4.706615327674379401e-01
5.257217016410909993e-01 7.841508519695704615e-01 7.725953305270657490e-01 5.377951997786986071e-01 5.159348651071764547e-01 4.728255849879691164e-01
5.539165503242627908e-01 8.093235073147635461e-01 7.603270106027573139e-01 5.180300128228617629e-01 4.892000657068750757e-01 4.798286850638563417e-01
5.601833585927490367e-01 8.117177223734818314e-01 7.642357687465687333e-01 5.367414580028905258e-01 5.325608990519080654e-01 5.374521613591013436e-01
2.895320723890251191e-01 6.056178427417668875e-01 6.211012535109801114e-01 4.736464766820066563e-01 4.615959001806397843e-01 2.935057057853562856e-01
3.775615933786000133e-01 6.332423322333795568e-01 6.547303811618476743e-01 5.026088737716035704e-01 4.990009187311459926e-01 3.332776384089294330e-01
2.271365221555161074e-01 5.675397515429574380e-01 5.691888379954849198e-01 4.928988560743686187e-01 4.365437583401848842e-01 2.152842986171048800e-01
2.544936416950465130e-01 5.525686996703846887e-01 5.682851142633704722e-01 4.668677590657175358e-01 4.527257382312603884e-01 2.109238803444235255e-01
2.810597872959150756e-01 5.500644665899896424e-01 5.932328003774818281e-01 5.068408437825735469e-01 5.334889437076892893e-01 3.328829509228809491e-01
1.879825311438110824e-01 5.107780724866627375e-01 4.901161208712410122e-01 5.326338973731976623e-01 4.796662700292590453e-01 2.132780815777785555e-01
2.319454189618257167e-01 5.308301461059456994e-01 4.966828284473781552e-01 5.285020289577019303e-01 4.528585702889825759e-01 1.465535771441565938e-01
3.142123894047663679e-01 5.624596227291533967e-01 5.211347613410625135e-01 5.508621321359570278e-01 4.884447602669028110e-01 2.563162114859214857e-01
2.065994038229737595e-01 4.515186877776353191e-01 4.665325624951557337e-01 5.689926805884708561e-01 5.557726506476139416e-01 2.593330730334060807e-01
2.133226751403244081e-01 4.814004072813521384e-01 4.779152710447160946e-01 5.789217598661072772e-01 5.283177976411913557e-01 2.327017074815437292e-01
2.452468996782863619e-01 4.658368290379726884e-01 4.707853262337708400e-01 5.631790677334836959e-01 5.456940599668475000e-01 2.225103263123357489e-01
2.117737492200994498e-01 4.535814312703239648e-01 4.947867940824197674e-01 5.720622278010313311e-01 5.509417100716820226e-01 2.099322518432840956e-01
2.665194962602482343e-01 4.689757446873826230e-01 4.960292236299725377e-01 6.345729523468905953e-01 5.927184035217886171e-01 2.672600073118223674e-01
3.031194450176514232e-01 4.368755734053497153e-01 4.634942777106313971e-01 6.114324372348347580e-01 6.288628550576840226e-01 3.145301171219257452e-01
3.318001819050805379e-01 4.693798026147519842e-01 4.877090582446370615e-01 6.440045406847499931e-01 6.598241899455866699e-01 4.031903778172268860e-01
3.284338195242647584e-01 5.151194603432793784e-01 5.134298616462411591e-01 6.648509654729802820e-01 6.221290379840699325e-01 3.682368060289681888e-01
4.071141467076702658e-01 5.498968846609260108e-01 5.277471982295481867e-01 6.639832718617486584e-01 6.291623752271233716e-01 3.769675771318507507e-01
4.157432490387654167e-01 5.213391492038651487e-01 5.113494321853685465e-01 6.486306643563283236e-01 6.565982820329365754e-01 3.998401979686666552e-01
3.631150899790186459e-01 5.185883648142911584e-01 5.361307570578053294e-01 7.154738320707697552e-01 6.590884157123001463e-01 3.549331945965987223e-01
3.982575282737472189e-01 5.052151238484492435e-01 5.180393055705149186e-01 7.133424035420403708e-01 6.999996128081792390e-01 4.389203150582145496e-01
4.522985153269264980e-01 4.751126246799529107e-01 4.897812893766714248e-01 6.818262018579113182e-01 7.415872614741648716e-01 4.671737379096475018e-01
4.031240566618919940e-01 5.220682536861924739e-01 5.539794256436546549e-01 7.851420002779799789e-01 7.254941876314316973e-01 4.342278224385640595e-01
3.863582524547627406e-01 5.259679902543213936e-01 5.805183991204023730e-01 7.997729833879531069e-01 7.165199624737702555e-01 4.068529393478723111e-01
4.097099382579829085e-01 5.296595363094525055e-01 5.570634276693057219e-01 7.848589776540468854e-01 7.194201331638526709e-01 4.223830167821961412e-01
4.650646831300846995e-01 4.562022288676750303e-01 4.945044454576263959e-01 7.429908329432843850e-01 8.081381576686231805e-01 5.422078768562501594e-01
4.469216553873193165e-01 5.026163496694343591e-01 5.494948007480783270e-01 7.681291539976949911e-01 7.622453973777487679e-01 4.708928137802464997e-01
4.885336480498377321e-01 4.816575312085076277e-01 5.046479457481609643e-01 7.383687046323880177e-01 7.964556234692300452e-01 5.180353412898411891e-01
4.951460870416006799e-01 5.854768672705003008e-01 5.936215720830015918e-01 8.104185910928439762e-01 7.599739801894951352e-01 5.038826247592648189e-01
5.010887493049939190e-01 5.467108757191065926e-01 5.959782368696695531e-01 7.925655966912499295e-01 7.920868442748685290e-01 5.125982853202746270e-01
5.334209562280484151e-01 8.450862877295968190e-01 7.921780449640989374e-01 5.727148572871936238e-01 5.324236068326186899e-01 4.841333645688722931e-01
4.684601501918403965e-01 7.912417199709490534e-01 8.190719624472837523e-01 6.142201986828075277e-01 5.871377372561428221e-01 4.573360410213982985e-01
5.559093373198087384e-01 8.585107779410124929e-01 7.929556040629595071e-01 5.632981680404285374e-01 5.133632198788538048e-01 4.718360714430643865e-01
4.516524883024433668e-01 7.777547967016966712e-01 8.478671987137871291e-01 6.558498676938047112e-01 6.251220266028463257e-01 4.584159358374901294e-01
4.696250309653418609e-01 7.944220225570371996e-01 8.407459261776339954e-01 6.479466975955020525e-01 6.004954717866917147e-01 4.589620662582824528e-01
5.265547621968751368e-01 8.260798081370522850e-01 8.231727402095647683e-01 6.194564937212468925e-01 6.092241779431557536e-01 5.212375157014672578e-01
5.433882396182494467e-01 8.517792928870979718e-01 8.240851255807416509e-01 6.295725233398649090e-01 5.771619253708683006e-01 5.097218599783487347e-01
5.094567475326727823e-01 8.057630163797825373e-01 8.422600077255461004e-01 6.399426758080418720e-01 6.233595949729742181e-01 4.978922724663937260e-01
5.586977625654052648e-01 8.483055552937787125e-01 8.163828981565071086e-01 6.021203534440463523e-01 5.768851239480018434e-01 5.152236627286093107e-01
5.209233061711282531e-01 8.128640169224120582e-01 8.564189102176171797e-01 6.493587975249847100e-01 6.239956968508876267e-01 4.745354707942865402e-01
5.283977297310277210e-01 8.187943218287738745e-01 8.468901459999748083e-01 6.523424756449316408e-01 6.518200440650494532e-01 5.427778928801748615e-01
6.112316590119506454e-01 8.844904077402755416e-01 8.325192020756944089e-01 6.308084385121488502e-01 6.301527541392167864e-01 5.964799026707600094e-01
5.852457652253747478e-01 8.570836149670104653e-01 8.459201019566563451e-01 6.488723879366570246e-01 6.493481042266264769e-01 5.795809298042269297e-01
5.436077031793482561e-01 8.196753560847397369e-01 8.749752181884722368e-01 6.871392706173704568e-01 6.882841946049174098e-01 5.614078285264563206e-01
4.260449951976885696e-01 7.496854006366384660e-01 7.403810838041433584e-01 5.613942298618674887e-01 5.313292579601732735e-01 3.979401638133219787e-01
4.110293689242087711e-01 7.403697692934581021e-01 7.621511389868339537e-01 6.036041953225464995e-01 5.690462018444932824e-01 4.049414084570474026e-01
5.143823565068365022e-01 8.075891198065404675e-01 7.529172991948189786e-01 5.685711609833912217e-01 5.257598361349514748e-01 4.410736123284672572e-01
3.311772118133816667e-01 6.564665912037723761e-01 7.058939781402016056e-01 5.719643750573837337e-01 5.610263216293709387e-01 3.085895026895355553e-01
3.886425505519599533e-01 7.111514606593575261e-01 6.839151268333374389e-01 5.423367707948414385e-01 4.976695316037429428e-01 3.140850797991470711e-01
4.360515451364315731e-01 7.448135308451123704e-01 6.960998847428619962e-01 5.650068683066480357e-01 5.307432240846549076e-01 4.088096461135333759e-01
4.026187160201218362e-01 7.011300336087558094e-01 7.075240026841080887e-01 5.780555747262986488e-01 5.662056820081469155e-01 3.882290342808299988e-01
4.126897485250854980e-01 6.870246570918498996e-01 7.386902031310348393e-01 6.155415217480826318e-01 6.248259607161632534e-01 4.178261020356707212e-01
2.983502283913698205e-01 6.433787952703333701e-01 6.336412131569225670e-01 5.522704531797553162e-01 5.222453301061433795e-01 2.899876085349178956e-01
2.448756464075071138e-01 5.797958003787107018e-01 6.532119710362620513e-01 5.737863816005555062e-01 5.831148207941114769e-01 2.853396578708589093e-01
3.010376279862973514e-01 6.209840695191845006e-01 6.483866179190385104e-01 5.697993501409094330e-01 5.678864419793950846e-01 3.225820300865317458e-01
3.541006307816394472e-01 6.765031519570714469e-01 6.431500702365420263e-01 5.578233998178431241e-01 5.071894051987677621e-01 3.065040920053350160e-01
3.638912739824704534e-01 6.689926246490237594e-01 6.531841752064247997e-01 5.743346118671815992e-01 5.543210462216425771e-01 3.594558662121491444e-01
3.802612898601370750e-01 6.735748084189354667e-01 6.572265138596156131e-01 5.716150118349405673e-01 5.444396578466202952e-01 3.345272160258675465e-01
3.135476950008807551e-01 5.826138213307577862e-01 6.222687289648710651e-01 5.967791237264860049e-01 6.132919257436167948e-01 3.394487088664943086e-01
3.812020127217680687e-01 6.290130896074758171e-01 6.352559209818761099e-01 6.052647461450474387e-01 6.083950315558458444e-01 3.630988696596412768e-01
3.681453578650388248e-01 5.961550511839974753e-01 6.544726284431340302e-01 6.399458362788685850e-01 6.904359016240940727e-01 4.504260790759246347e-01
4.628839126724306197e-01 7.186837638758678537e-01 6.593314106452373702e-01 6.209803656438881436e-01 5.646554218815126314e-01 3.720808960109571184e-01
2.088114367717066322e-01 4.932159975553970788e-01 5.690029469161295150e-01 6.041771113251988012e-01 6.430812758222150816e-01 3.092385801937325152e-01
2.757358144081368256e-01 6.023460246024892051e-01 5.810413573952756261e-01 6.062217088170083201e-01 5.325285222317578393e-01 2.162419595808857953e-01
2.892544538337328830e-01 5.693921987550681907e-01 5.793327842449297327e-01 6.068299758901409824e-01 5.901914643110277581e-01 2.865819417806627634e-01
3.761521448342641238e-01 6.365392508733579424e-01 6.123057380612275669e-01 6.394303600506345830e-01 6.027751809407915218e-01 3.651821052870910522e-01
3.710760853142546223e-01 5.684478123120104698e-01 6.087302836121202265e-01 6.346744941017807840e-01 6.728281974926332287e-01 3.894737451551042451e-01
3.200660736947827378e-01 5.421100322993285259e-01 5.628850840404291400e-01 6.432973791145403242e-01 6.462263887222815528e-01 3.229343997592324378e-01
3.252441065951653387e-01 5.312366134853248045e-01 5.690594578183911789e-01 6.578878436371673466e-01 6.879586357144186204e-01 3.950050169494517260e-01
4.106685462925119823e-01 5.788850532234098845e-01 5.904019827942271759e-01 6.648910789066816429e-01 6.916723406232760940e-01 4.007653995529714130e-01
3.270889689483723606e-01 5.054438622249382007e-01 5.592072813495670980e-01 6.845601894100017404e-01 7.061228357052670157e-01 3.628957413675879540e-01
3.538009331193189833e-01 5.190173151731759527e-01 5.548112443566105556e-01 6.909025084354809554e-01 7.124856694336491048e-01 3.968691113230732315e-01
4.146964229138166425e-01 5.706934505554598358e-01 5.870002247813900231e-01 7.189975136115864807e-01 7.344774478857678535e-01 4.574193729852153445e-01
3.900115401346460065e-01 5.562368080742147169e-01 5.768740982897498926e-01 7.513389117817511620e-01 7.268411560693428530e-01 3.998967345266046802e-01
3.664476623778510911e-01 5.847740529442402302e-01 6.126224497393137902e-01 7.743569112586797809e-01 7.006288582462865122e-01 3.572204800035573835e-01
4.329891143005411003e-01 5.147062928129897408e-01 5.565646908212305011e-01 7.388186206340146001e-01 7.922558274216966456e-01 4.812492238648854448e-01
4.131170164686737700e-01 6.033495591725407392e-01 6.087015676312952372e-01 7.731554529820143795e-01 7.136065451839901375e-01 3.887640548849153888e-01
4.444949682366100552e-01 5.284277042577052441e-01 5.691969684238398219e-01 7.522608054152052359e-01 8.049887630780334646e-01 5.110548014761395752e-01
4.052918811198975568e-01 6.346945556100396235e-01 6.661876206760581898e-01 8.087753209514392250e-01 7.079435773354678663e-01 3.726704499150282346e-01
4.566302216777871070e-01 5.551453207832406367e-01 5.900112248109888879e-01 8.090190043567052625e-01 8.188873800635302347e-01 5.107304412199579202e-01
4.756189578113492189e-01 5.505196998522194907e-01 5.819514396102489773e-01 7.997363106417938461e-01 8.235270599388783141e-01 5.120203280921268307e-01
4.665556923780126986e-01 5.352915846394021848e-01 5.926612659099745883e-01 8.051566559190064254e-01 8.335833252681909000e-01 5.154703900123041027e-01
4.671721041448882450e-01 5.714975767589209887e-01 5.987843913100719950e-01 8.087508009209189996e-01 8.062385777876602821e-01 4.881049780066563093e-01
4.589620662582825084e-01 6.004954717866918257e-01 6.479466975955021635e-01 8.407459261776343284e-01 7.944220225570370886e-01 4.696250309653419164e-01
4.821786407174520339e-01 6.100631792873691950e-01 6.349969866493806459e-01 8.449171063278854144e-01 8.232274152546394941e-01 5.340333495276162745e-01
5.054047080951225013e-01 5.992518266571870145e-01 6.194437285126513926e-01 8.280465640784490100e-01 8.269955183875015159e-01 5.349593758891073580e-01
5.212375157014673688e-01 6.092241779431558646e-01 6.194564937212470035e-01 8.231727402095649904e-01 8.260798081370520629e-01 5.265547621968752479e-01
5.909217138097698774e-01 6.329330253904638104e-01 6.343691604109157334e-01 8.354616292038490322e-01 8.777054503940143748e-01 6.055382219698806079e-01
6.009204757151866971e-01 7.211145044641044111e-01 7.092489464338608274e-01 8.889700125510821005e-01 8.336653999254407532e-01 5.671116842706760419e-01
